* Measurement data measured by REW V5.31.3
* Source: USB-C to 3.5mm Headphone Jack Adapter, USB-C to 3.5mm Headphone Jack Adapter, 0, volume: 0.264
* Format: 512k Log Swept Sine, 1 sweep at -12.0 dBFS with no timing reference
* Dated: Sep 15, 2025 1:46:05 AM
* REW Settings:
*  C-weighting compensation: Off
*  Target level: 75.0 dB
* Note: ; 
* Measurement: L 7A Asteria AET07
* Smoothing: 1/24 octave
* Frequency Step: 1/48 octave
* Start Frequency: 20.000 Hz
*
* Freq(Hz)	SPL(dB)	Phase(degrees)
20.000000	99.132	166.1163
20.299999	99.128	165.5676
20.600000	99.123	165.0713
20.900000	99.122	164.6220
21.200001	99.129	164.1789
21.400000	99.138	163.8557
21.799999	99.155	163.0771
22.000000	99.156	162.6140
22.400000	99.124	161.5984
22.700001	99.067	160.8527
23.000000	98.985	160.2112
23.299999	98.893	159.7208
23.600000	98.802	159.3795
24.000000	98.700	159.0800
24.299999	98.642	158.9055
24.700001	98.587	158.6819
25.000000	98.563	158.5067
25.400000	98.563	158.2184
25.799999	98.606	157.7430
26.200001	98.676	156.9192
26.500000	98.726	156.0372
26.900000	98.758	154.6065
27.200001	98.746	153.4783
27.600000	98.694	152.1023
28.000000	98.628	150.9779
28.500000	98.568	149.8354
29.000000	98.530	148.7750
29.500000	98.483	147.7986
30.000000	98.430	147.0776
30.400000	98.408	146.6810
30.700001	98.408	146.4095
31.100000	98.417	146.0014
31.500000	98.418	145.5655
32.000000	98.405	145.1634
32.500000	98.425	144.9422
33.000000	98.508	144.4886
33.500000	98.593	143.3728
34.000000	98.574	141.7703
34.500000	98.423	140.3741
35.000000	98.223	139.7354
35.500000	98.096	139.6885
36.000000	98.076	139.5513
36.500000	98.092	138.8911
37.000000	98.071	137.8570
37.500000	98.007	136.8201
38.200001	97.914	135.6120
38.700001	97.865	134.7780
39.500000	97.780	133.3956
40.000000	97.716	132.6544
40.599998	97.652	131.9604
41.200001	97.618	131.3381
41.799999	97.597	130.6407
42.500000	97.562	129.7494
43.099998	97.518	129.0099
43.700001	97.472	128.2852
44.400002	97.406	127.3887
45.000000	97.329	126.6303
45.500000	97.255	126.0803
46.200001	97.164	125.4206
46.799999	97.102	124.8331
47.500000	97.030	124.0715
48.200001	96.954	123.3499
48.700001	96.907	122.8806
49.400002	96.857	122.2090
50.000000	96.816	121.6111
50.799999	96.762	120.9139
51.500000	96.742	120.3333
52.200001	96.735	119.5438
53.000000	96.686	118.4299
53.799999	96.584	117.4176
54.500000	96.472	116.7451
55.200001	96.356	116.3909
56.000000	96.293	116.3034
57.000000	96.341	115.4813
58.000000	96.282	113.5970
59.000000	96.089	112.2180
60.000000	95.930	111.4473
60.799999	95.839	110.9167
61.500000	95.781	110.4210
62.200001	95.727	109.8557
63.000000	95.657	109.2583
64.000000	95.594	108.6726
65.000000	95.559	107.9318
66.000000	95.502	107.0124
67.000000	95.415	106.1006
68.000000	95.308	105.3417
69.000000	95.221	104.6825
70.000000	95.144	103.7780
71.000000	95.024	102.8897
72.000000	94.925	102.3224
73.000000	94.866	101.6199
74.000000	94.788	100.9564
75.000000	94.744	100.5065
76.199997	94.711	99.6846
77.500000	94.645	98.8045
78.800003	94.569	97.8293
80.000000	94.470	96.9103
81.199997	94.355	96.1052
82.500000	94.255	95.4529
83.800003	94.188	94.7273
85.000000	94.125	93.9711
86.199997	94.040	93.2474
87.500000	93.955	92.6151
88.500000	93.900	92.0048
90.000000	93.797	90.9584
91.199997	93.714	90.1357
92.500000	93.633	89.3846
93.800003	93.584	88.6827
95.000000	93.538	88.0875
96.199997	93.500	87.5219
97.500000	93.439	86.7844
98.800003	93.346	86.0131
100.000000	93.234	85.4015
101.500000	93.124	84.8774
103.000000	93.064	84.2389
104.400002	93.004	83.5277
106.000000	92.930	83.0217
107.500000	92.932	82.5309
109.000000	92.896	81.0870
110.599998	92.726	79.8308
112.000000	92.576	79.1146
113.800003	92.437	78.6814
115.000000	92.390	78.2595
117.199997	92.343	77.2826
118.000000	92.334	76.7700
120.599998	92.239	75.3298
122.000000	92.175	75.0552
124.099998	92.082	74.8796
125.000000	92.039	74.7456
126.500000	91.981	74.3484
128.000000	91.955	73.4801
131.500000	91.709	71.1944
132.000000	91.680	71.2287
134.000000	91.642	71.2607
136.000000	91.602	70.5899
138.000000	91.536	69.6799
140.000000	91.502	68.7541
143.000000	91.424	67.6733
145.000000	91.329	67.1375
147.500000	91.200	66.2292
150.000000	91.137	65.3065
152.500000	91.064	64.7182
155.000000	90.981	64.1935
157.500000	90.868	62.9524
160.000000	90.788	62.4094
162.500000	90.822	62.8835
165.000000	90.949	62.6178
167.500000	91.037	60.5239
170.000000	90.895	58.5130
172.500000	90.515	57.7102
175.000000	90.156	55.9452
177.500000	90.196	52.7711
180.000000	90.621	52.0071
182.500000	90.949	54.2590
185.000000	90.828	56.0002
187.500000	90.519	55.3515
190.000000	90.347	53.3885
192.500000	90.364	52.8029
195.000000	90.292	52.3615
197.500000	90.245	52.1226
200.000000	90.346	51.3332
203.000000	90.264	50.9119
206.000000	90.039	50.7610
209.000000	90.040	49.3954
212.000000	90.127	47.8221
214.000000	90.104	47.3148
218.000000	89.950	46.9565
220.000000	89.892	46.7935
224.000000	89.838	45.8458
227.000000	89.817	44.8317
230.000000	89.805	44.1245
233.000000	89.767	43.5318
236.000000	89.710	42.9107
240.000000	89.657	41.9273
243.000000	89.635	41.3191
247.000000	89.610	40.5871
250.000000	89.577	40.0441
254.000000	89.539	39.1193
258.000000	89.512	37.8048
262.000000	89.481	37.2144
265.000000	89.458	36.9832
269.000000	89.435	36.3584
272.000000	89.438	35.7493
276.000000	89.429	35.0781
280.000000	89.400	34.4899
285.000000	89.324	33.6186
290.000000	89.252	32.6107
295.000000	89.227	31.6238
300.000000	89.170	30.9953
304.000000	89.132	30.3276
307.000000	89.125	29.8516
311.000000	89.129	29.1018
315.000000	89.150	28.3339
320.000000	89.159	27.6626
325.000000	89.182	26.8015
330.000000	88.927	25.6575
335.000000	88.672	23.1985
340.000000	88.727	22.1209
345.000000	88.814	22.4411
350.000000	88.845	22.8456
355.000000	88.831	22.6595
360.000000	88.813	21.8545
365.000000	88.797	21.3641
370.000000	88.780	20.9207
375.000000	88.732	20.1809
382.000000	88.666	19.2746
387.000000	88.630	18.6394
395.000000	88.581	17.8409
400.000000	88.574	17.2764
406.000000	88.570	16.5865
412.000000	88.553	15.7913
418.000000	88.508	14.9224
425.000000	88.463	14.1593
431.000000	88.474	13.7822
437.000000	88.484	13.2883
444.000000	88.458	12.6083
450.000000	88.504	12.5664
455.000000	88.646	12.0840
462.000000	88.728	10.8524
468.000000	88.671	11.1711
475.000000	88.413	11.6052
482.000000	88.203	9.6723
487.000000	88.189	8.3994
494.000000	88.194	7.8919
500.000000	88.174	7.5625
508.000000	88.127	6.8265
515.000000	88.085	6.3180
522.000000	88.049	5.7589
530.000000	88.022	5.0492
538.000000	87.987	4.4823
545.000000	87.948	4.0864
552.000000	87.899	3.6738
560.000000	87.843	3.5251
570.000000	87.866	3.6250
580.000000	87.569	3.8839
590.000000	87.353	3.0275
600.000000	87.675	2.2920
608.000000	87.719	1.1510
615.000000	87.692	0.4963
622.000000	87.676	0.0274
630.000000	87.646	-0.4700
640.000000	87.586	-0.9921
650.000000	87.554	-1.5129
660.000000	87.541	-1.7963
670.000000	87.503	-2.1026
680.000000	87.450	-2.5980
690.000000	87.389	-3.0518
700.000000	87.295	-3.1940
710.000000	87.257	-3.5530
720.000000	87.283	-4.2216
730.000000	87.354	-4.4894
740.000000	87.339	-4.2368
750.000000	87.289	-4.2451
762.000000	87.251	-4.3236
775.000000	87.229	-4.5690
788.000000	87.224	-4.6840
800.000000	87.216	-4.7441
812.000000	87.211	-4.8657
825.000000	87.200	-4.9430
838.000000	87.194	-4.9382
850.000000	87.186	-4.9883
862.000000	87.209	-5.0432
875.000000	87.226	-5.0161
885.000000	87.241	-4.9236
900.000000	87.253	-4.9053
912.000000	87.276	-4.9136
925.000000	87.326	-4.8066
938.000000	87.372	-4.7137
950.000000	87.405	-4.6877
962.000000	87.433	-4.7523
975.000000	87.468	-4.6303
988.000000	87.527	-4.4485
1000.000000	87.593	-4.4278
1015.000000	87.696	-4.4070
1030.000000	87.779	-4.3589
1044.000000	87.858	-4.4989
1060.000000	87.968	-4.6845
1075.000000	88.061	-4.8168
1090.000000	88.157	-4.8990
1106.000000	88.262	-5.0950
1120.000000	88.356	-5.3297
1138.000000	88.475	-5.7002
1150.000000	88.548	-5.9566
1172.000000	88.682	-6.2608
1180.000000	88.728	-6.3585
1206.000000	88.883	-6.8680
1220.000000	88.971	-7.1497
1241.000000	89.097	-7.5720
1250.000000	89.148	-7.7759
1265.000000	89.230	-8.1157
1280.000000	89.311	-8.4471
1315.000000	89.495	-9.2395
1320.000000	89.521	-9.3541
1340.000000	89.622	-9.8046
1360.000000	89.721	-10.2235
1380.000000	89.817	-10.6326
1400.000000	89.913	-11.0283
1430.000000	90.058	-11.5807
1450.000000	90.156	-11.9399
1475.000000	90.280	-12.3724
1500.000000	90.405	-12.7947
1525.000000	90.531	-13.2181
1550.000000	90.662	-13.6353
1575.000000	90.796	-14.0602
1600.000000	90.931	-14.5227
1625.000000	91.066	-14.9783
1650.000000	91.203	-15.4317
1675.000000	91.344	-15.9093
1700.000000	91.483	-16.4089
1725.000000	91.620	-16.9313
1750.000000	91.757	-17.4696
1775.000000	91.891	-18.0093
1800.000000	92.023	-18.5591
1825.000000	92.152	-19.1265
1850.000000	92.280	-19.7040
1875.000000	92.408	-20.2863
1900.000000	92.535	-20.8630
1925.000000	92.663	-21.4385
1950.000000	92.791	-22.0283
1975.000000	92.919	-22.6349
2000.000000	93.050	-23.2739
2030.000000	93.206	-24.0722
2060.000000	93.363	-24.9495
2090.000000	93.511	-25.8920
2120.000000	93.651	-26.8910
2140.000000	93.739	-27.6152
2180.000000	93.901	-29.1094
2200.000000	93.970	-29.8588
2240.000000	94.089	-31.3787
2270.000000	94.159	-32.5201
2300.000000	94.212	-33.6284
2330.000000	94.249	-34.6956
2360.000000	94.271	-35.7056
2400.000000	94.282	-36.9283
2430.000000	94.278	-37.7460
2470.000000	94.263	-38.7004
2500.000000	94.247	-39.3082
2540.000000	94.221	-39.9670
2580.000000	94.196	-40.4530
2620.000000	94.177	-40.7882
2650.000000	94.167	-40.9473
2690.000000	94.164	-41.0563
2720.000000	94.169	-41.0830
2760.000000	94.189	-41.0396
2800.000000	94.225	-40.9442
2850.000000	94.294	-40.7697
2900.000000	94.392	-40.5483
2950.000000	94.519	-40.3501
3000.000000	94.674	-40.2184
3040.000000	94.818	-40.1940
3070.000000	94.936	-40.2443
3110.000000	95.105	-40.4193
3150.000000	95.283	-40.7354
3200.000000	95.512	-41.3632
3250.000000	95.736	-42.2752
3300.000000	95.945	-43.4694
3350.000000	96.125	-44.9208
3400.000000	96.267	-46.5730
3450.000000	96.365	-48.3372
3500.000000	96.415	-50.1342
3550.000000	96.419	-51.8989
3600.000000	96.384	-53.5702
3650.000000	96.315	-55.0979
3700.000000	96.222	-56.4520
3750.000000	96.112	-57.6285
3820.000000	95.941	-59.0057
3870.000000	95.813	-59.8241
3950.000000	95.606	-60.8992
4000.000000	95.476	-61.4557
4060.000000	95.319	-62.0400
4120.000000	95.161	-62.5605
4180.000000	94.998	-63.0142
4250.000000	94.803	-63.4543
4310.000000	94.628	-63.7714
4370.000000	94.444	-64.0374
4440.000000	94.215	-64.2601
4500.000000	94.009	-64.3434
4550.000000	93.831	-64.3323
4620.000000	93.576	-64.2064
4680.000000	93.352	-63.9966
4750.000000	93.088	-63.6252
4820.000000	92.821	-63.1032
4870.000000	92.631	-62.6404
4940.000000	92.366	-61.8817
5000.000000	92.141	-61.1349
5080.000000	91.844	-59.9999
5150.000000	91.586	-58.8585
5220.000000	91.333	-57.5880
5300.000000	91.049	-56.0000
5380.000000	90.771	-54.2650
5450.000000	90.534	-52.6207
5520.000000	90.306	-50.8540
5600.000000	90.054	-48.6884
5700.000000	89.759	-45.7737
5800.000000	89.487	-42.6353
5900.000000	89.243	-39.2761
6000.000000	89.031	-35.7168
6080.000000	88.888	-32.7249
6150.000000	88.783	-30.0031
6220.000000	88.699	-27.1874
6300.000000	88.632	-23.8547
6400.000000	88.599	-19.5198
6500.000000	88.631	-15.0247
6600.000000	88.743	-10.4034
6700.000000	88.958	-5.7263
6800.000000	89.298	-1.2291
6900.000000	89.763	2.7477
7000.000000	90.323	5.9111
7100.000000	90.934	8.1440
7200.000000	91.561	9.3743
7300.000000	92.167	9.6031
7400.000000	92.706	8.8724
7500.000000	93.125	7.4047
7620.000000	93.455	5.3366
7750.000000	93.703	3.1831
7880.000000	93.883	0.6024
8000.000000	93.892	-2.1736
8120.000000	93.735	-4.5127
8250.000000	93.528	-6.0608
8380.000000	93.431	-7.4587
8500.000000	93.383	-9.8296
8620.000000	93.178	-13.4323
8750.000000	92.625	-17.6102
8850.000000	91.979	-20.0813
9000.000000	90.813	-21.6897
9120.000000	89.850	-21.1714
9250.000000	88.879	-19.1836
9380.000000	88.032	-16.1938
9500.000000	87.372	-12.9725
9620.000000	86.814	-9.5862
9750.000000	86.306	-5.9025
9880.000000	85.878	-2.3401
10000.000000	85.536	0.7542
10150.000000	85.154	4.2956
10300.000000	84.798	7.4233
10440.000000	84.457	9.9578
10600.000000	84.021	12.5370
10750.000000	83.534	14.9138
10900.000000	82.959	17.5883
11060.000000	82.266	21.1350
11200.000000	81.624	25.1100
11380.000000	80.827	31.8403
11500.000000	80.385	37.4965
11720.000000	79.993	49.7542
11800.000000	80.034	54.3897
12060.000000	80.823	67.1307
12200.000000	81.480	71.2340
12410.000000	82.369	73.6732
12500.000000	82.637	73.8240
12650.000000	82.909	73.7003
12800.000000	83.000	73.8097
13150.000000	82.973	76.9019
13200.000000	82.982	77.6488
13400.000000	83.118	81.1331
13600.000000	83.455	84.9925
13800.000000	84.039	88.7131
14000.000000	84.907	91.7277
14300.000000	86.758	93.0831
14500.000000	88.235	90.1975
14750.000000	89.898	81.0567
15000.000000	90.825	67.5883
15250.000000	90.936	54.0611
15500.000000	90.707	42.7692
15750.000000	90.522	32.4712
16000.000000	90.332	21.8069
16250.000000	90.101	11.0240
16500.000000	90.016	-0.3375
16750.000000	90.060	-14.4323
17000.000000	89.706	-32.1696
17250.000000	88.362	-49.5101
17500.000000	86.735	-60.2072
17750.000000	86.681	-70.6268
18000.000000	87.283	-91.8896
18250.000000	86.730	-121.0875
18500.000000	84.837	-151.8067
18750.000000	82.130	177.9614
19000.000000	78.978	147.1639
19250.000000	75.409	114.6512
19500.000000	71.311	79.9272
19750.000000	66.655	42.7363
20000.000000	62.438	7.0994
