* Measurement data measured by REW V5.31.3
* Source: USB-C to 3.5mm Headphone Jack Adapter, USB-C to 3.5mm Headphone Jack Adapter, 0, volume: 0.264
* Format: 512k Log Swept Sine, 1 sweep at -12.0 dBFS with no timing reference
* Dated: Sep 15, 2025 1:42:35 AM
* REW Settings:
*  C-weighting compensation: Off
*  Target level: 75.0 dB
* Note: ; 
* Measurement: R 7A Asteria AET07
* Smoothing: 1/24 octave
* Frequency Step: 1/48 octave
* Start Frequency: 20.000 Hz
*
* Freq(Hz)	SPL(dB)	Phase(degrees)
20.000000	99.277	-11.7921
20.299999	99.246	-12.6870
20.600000	99.201	-13.4880
20.900000	99.156	-14.1582
21.200001	99.127	-14.7290
21.400000	99.120	-15.0967
21.799999	99.133	-15.9270
22.000000	99.146	-16.4285
22.400000	99.161	-17.6099
22.700001	99.152	-18.5824
23.000000	99.121	-19.5373
23.299999	99.075	-20.4078
23.600000	99.026	-21.1693
24.000000	98.967	-22.0543
24.299999	98.931	-22.6748
24.700001	98.883	-23.4873
25.000000	98.841	-24.0594
25.400000	98.776	-24.6765
25.799999	98.719	-25.0419
26.200001	98.703	-25.1930
26.500000	98.731	-25.2848
26.900000	98.819	-25.6016
27.200001	98.907	-26.1081
27.600000	99.012	-27.1994
28.000000	99.064	-28.6533
28.500000	99.014	-30.5623
29.000000	98.856	-31.9980
29.500000	98.675	-32.6109
30.000000	98.569	-32.6195
30.400000	98.560	-32.6029
30.700001	98.581	-32.7558
31.100000	98.611	-33.2257
31.500000	98.618	-33.8984
32.000000	98.590	-34.7906
32.500000	98.543	-35.6227
33.000000	98.490	-36.4330
33.500000	98.424	-37.2128
34.000000	98.350	-37.8530
34.500000	98.302	-38.3601
35.000000	98.295	-38.9637
35.500000	98.299	-39.8550
36.000000	98.266	-40.9188
36.500000	98.197	-41.8499
37.000000	98.133	-42.5140
37.500000	98.106	-43.0870
38.200001	98.096	-44.1276
38.700001	98.062	-44.9579
39.500000	97.974	-45.9635
40.000000	97.936	-46.4149
40.599998	97.908	-46.9956
41.200001	97.870	-47.6556
41.799999	97.817	-48.2910
42.500000	97.751	-48.9614
43.099998	97.699	-49.5428
43.700001	97.649	-50.1856
44.400002	97.588	-51.0416
45.000000	97.526	-51.8409
45.500000	97.468	-52.5125
46.200001	97.386	-53.4296
46.799999	97.316	-54.1798
47.500000	97.241	-54.9191
48.200001	97.208	-55.5142
48.700001	97.220	-56.0435
49.400002	97.241	-57.1640
50.000000	97.203	-58.2940
50.799999	97.081	-59.3666
51.500000	96.995	-59.7918
52.200001	96.956	-60.1324
53.000000	96.933	-60.6889
53.799999	96.901	-61.4574
54.500000	96.838	-62.2104
55.200001	96.754	-62.8092
56.000000	96.684	-63.4222
57.000000	96.590	-64.4937
58.000000	96.464	-65.3290
59.000000	96.405	-66.2480
60.000000	96.301	-67.4196
60.799999	96.218	-68.0507
61.500000	96.184	-68.6827
62.200001	96.134	-69.5066
63.000000	96.041	-70.3587
64.000000	95.934	-71.1605
65.000000	95.844	-71.9114
66.000000	95.768	-72.6487
67.000000	95.700	-73.4137
68.000000	95.640	-74.1658
69.000000	95.585	-75.0316
70.000000	95.504	-75.9295
71.000000	95.408	-76.7161
72.000000	95.307	-77.4015
73.000000	95.220	-78.0088
74.000000	95.152	-78.7113
75.000000	95.083	-79.5303
76.199997	94.996	-80.5130
77.500000	94.915	-81.3741
78.800003	94.881	-82.3454
80.000000	94.803	-83.4519
81.199997	94.680	-84.2041
82.500000	94.566	-84.7136
83.800003	94.484	-85.2164
85.000000	94.432	-85.8960
86.199997	94.362	-86.7948
87.500000	94.276	-87.6398
88.500000	94.232	-88.2799
90.000000	94.152	-89.5689
91.199997	94.013	-90.4392
92.500000	93.875	-90.6617
93.800003	93.840	-90.9467
95.000000	93.799	-91.8947
96.199997	93.689	-92.7461
97.500000	93.607	-93.3896
98.800003	93.517	-94.2993
100.000000	93.385	-94.4379
101.500000	93.392	-94.1648
103.000000	93.326	-95.1878
104.400002	93.185	-95.3835
106.000000	93.151	-96.4933
107.500000	93.056	-98.2887
109.000000	92.948	-99.6666
110.599998	92.895	-100.5304
112.000000	92.819	-101.3069
113.800003	92.638	-101.7551
115.000000	92.538	-102.0579
117.199997	92.470	-103.0489
118.000000	92.483	-103.5274
120.599998	92.462	-105.1754
122.000000	92.301	-105.2702
124.099998	91.951	-106.8562
125.000000	91.736	-107.7009
126.500000	91.549	-109.7672
128.000000	91.425	-112.6683
131.500000	91.711	-109.9314
132.000000	91.803	-109.9305
134.000000	91.879	-110.5493
136.000000	91.716	-111.2788
138.000000	91.523	-112.5081
140.000000	91.486	-112.9681
143.000000	91.586	-113.2665
145.000000	91.574	-113.5341
147.500000	91.423	-114.3382
150.000000	91.279	-115.0280
152.500000	91.214	-116.1052
155.000000	91.166	-116.9637
157.500000	91.135	-117.4341
160.000000	91.082	-117.9576
162.500000	91.004	-118.9671
165.000000	90.930	-120.0069
167.500000	90.864	-120.8760
170.000000	90.770	-121.6594
172.500000	90.661	-122.4636
175.000000	90.588	-123.0791
177.500000	90.539	-123.7105
180.000000	90.478	-124.4276
182.500000	90.420	-125.2599
185.000000	90.372	-125.9958
187.500000	90.331	-126.5753
190.000000	90.256	-127.3249
192.500000	90.133	-127.8652
195.000000	90.098	-127.8029
197.500000	90.133	-128.0696
200.000000	90.089	-128.7151
203.000000	89.977	-129.8486
206.000000	89.885	-131.1560
209.000000	89.808	-131.7907
212.000000	89.755	-131.7914
214.000000	89.775	-131.9490
218.000000	89.813	-133.3071
220.000000	89.769	-133.9865
224.000000	89.671	-134.9902
227.000000	89.623	-135.6885
230.000000	89.570	-136.3692
233.000000	89.522	-137.1496
236.000000	89.468	-137.8058
240.000000	89.354	-138.5763
243.000000	89.284	-139.3832
247.000000	89.310	-140.3338
250.000000	89.301	-140.9302
254.000000	89.209	-141.4833
258.000000	89.207	-142.1576
262.000000	89.159	-143.3305
265.000000	89.117	-143.7880
269.000000	89.110	-143.5771
272.000000	89.099	-143.6101
276.000000	89.075	-144.3613
280.000000	89.023	-145.1026
285.000000	88.931	-146.0989
290.000000	88.882	-146.7883
295.000000	88.852	-147.8652
300.000000	88.861	-148.9154
304.000000	88.859	-149.3827
307.000000	88.845	-149.9281
311.000000	88.820	-150.6334
315.000000	88.782	-150.7637
320.000000	88.759	-151.1154
325.000000	88.712	-152.3351
330.000000	88.640	-153.3828
335.000000	88.592	-153.9076
340.000000	88.574	-154.4661
345.000000	88.562	-155.1166
350.000000	88.534	-155.7704
355.000000	88.488	-156.2770
360.000000	88.451	-156.8173
365.000000	88.429	-157.3447
370.000000	88.403	-157.8950
375.000000	88.371	-158.4442
382.000000	88.334	-159.1981
387.000000	88.291	-159.6918
395.000000	88.247	-160.5735
400.000000	88.246	-161.2084
406.000000	88.239	-161.8683
412.000000	88.220	-162.5169
418.000000	88.191	-163.1095
425.000000	88.155	-163.7489
431.000000	88.118	-164.3602
437.000000	88.091	-164.9425
444.000000	88.070	-165.5711
450.000000	88.044	-166.0736
455.000000	88.008	-166.4527
462.000000	87.977	-167.0699
468.000000	87.968	-167.6135
475.000000	87.948	-168.2398
482.000000	87.932	-168.7781
487.000000	87.906	-169.1222
494.000000	87.860	-169.5883
500.000000	87.844	-169.9346
508.000000	87.815	-170.5211
515.000000	87.781	-170.9919
522.000000	87.757	-171.4836
530.000000	87.749	-172.0327
538.000000	87.737	-172.5712
545.000000	87.701	-173.0592
552.000000	87.671	-173.5338
560.000000	87.658	-174.0012
570.000000	87.631	-174.3765
580.000000	87.580	-174.8196
590.000000	87.550	-175.2358
600.000000	87.520	-175.7248
608.000000	87.499	-176.1099
615.000000	87.482	-176.3899
622.000000	87.466	-176.6202
630.000000	87.452	-176.9409
640.000000	87.420	-177.3963
650.000000	87.404	-177.7536
660.000000	87.392	-178.1764
670.000000	87.369	-178.5028
680.000000	87.342	-178.8291
690.000000	87.327	-179.1623
700.000000	87.315	-179.4576
710.000000	87.296	-179.7011
720.000000	87.276	-179.8729
730.000000	87.259	-179.9772
740.000000	87.244	179.8103
750.000000	87.232	179.6126
762.000000	87.249	179.5680
775.000000	87.298	179.2972
788.000000	87.299	179.1930
800.000000	87.255	179.3813
812.000000	87.218	179.2288
825.000000	87.218	178.9980
838.000000	87.231	178.8985
850.000000	87.256	178.8957
862.000000	87.280	178.9318
875.000000	87.308	178.8230
885.000000	87.333	178.7311
900.000000	87.373	178.7849
912.000000	87.413	178.8771
925.000000	87.457	178.9252
938.000000	87.505	178.9601
950.000000	87.556	178.9811
962.000000	87.615	179.0019
975.000000	87.683	179.0253
988.000000	87.753	179.0258
1000.000000	87.821	178.9926
1015.000000	87.911	178.9113
1030.000000	88.008	178.8617
1044.000000	88.099	178.8109
1060.000000	88.205	178.6742
1075.000000	88.309	178.5112
1090.000000	88.413	178.3340
1106.000000	88.525	178.0938
1120.000000	88.625	177.8579
1138.000000	88.755	177.5392
1150.000000	88.839	177.2980
1172.000000	88.988	176.7878
1180.000000	89.041	176.6068
1206.000000	89.213	175.9880
1220.000000	89.303	175.6171
1241.000000	89.433	175.0591
1250.000000	89.488	174.8214
1265.000000	89.576	174.4139
1280.000000	89.662	173.9969
1315.000000	89.850	173.0813
1320.000000	89.877	172.9510
1340.000000	89.984	172.4182
1360.000000	90.088	171.8919
1380.000000	90.190	171.3813
1400.000000	90.291	170.8891
1430.000000	90.441	170.1682
1450.000000	90.540	169.6998
1475.000000	90.665	169.1238
1500.000000	90.791	168.5639
1525.000000	90.919	168.0067
1550.000000	91.049	167.4505
1575.000000	91.179	166.9034
1600.000000	91.307	166.3420
1625.000000	91.438	165.7694
1650.000000	91.572	165.1818
1675.000000	91.705	164.5737
1700.000000	91.838	163.9491
1725.000000	91.967	163.3098
1750.000000	92.093	162.6587
1775.000000	92.217	161.9940
1800.000000	92.336	161.3160
1825.000000	92.451	160.6318
1850.000000	92.563	159.9557
1875.000000	92.672	159.3000
1900.000000	92.777	158.6564
1925.000000	92.882	158.0321
1950.000000	92.987	157.4188
1975.000000	93.095	156.8128
2000.000000	93.207	156.2195
2030.000000	93.345	155.4788
2060.000000	93.484	154.6828
2090.000000	93.623	153.8180
2120.000000	93.761	152.8662
2140.000000	93.849	152.1893
2180.000000	94.010	150.7588
2200.000000	94.081	150.0161
2240.000000	94.202	148.5008
2270.000000	94.273	147.3586
2300.000000	94.327	146.2404
2330.000000	94.366	145.1674
2360.000000	94.391	144.1541
2400.000000	94.407	142.9235
2430.000000	94.407	142.0967
2470.000000	94.396	141.1342
2500.000000	94.381	140.5251
2540.000000	94.360	139.8635
2580.000000	94.339	139.3587
2620.000000	94.325	139.0018
2650.000000	94.319	138.8192
2690.000000	94.320	138.6751
2720.000000	94.333	138.6483
2760.000000	94.368	138.6803
2800.000000	94.422	138.7500
2850.000000	94.509	138.8462
2900.000000	94.620	138.8909
2950.000000	94.753	138.8752
3000.000000	94.909	138.7944
3040.000000	95.046	138.6580
3070.000000	95.155	138.5013
3110.000000	95.308	138.2078
3150.000000	95.468	137.7939
3200.000000	95.671	137.0891
3250.000000	95.870	136.1725
3300.000000	96.056	135.0382
3350.000000	96.221	133.7048
3400.000000	96.357	132.2080
3450.000000	96.457	130.5968
3500.000000	96.519	128.9224
3550.000000	96.542	127.2437
3600.000000	96.529	125.6143
3650.000000	96.486	124.0867
3700.000000	96.418	122.6779
3750.000000	96.330	121.3938
3820.000000	96.181	119.8095
3870.000000	96.063	118.8271
3950.000000	95.861	117.4779
4000.000000	95.731	116.7511
4060.000000	95.571	115.9799
4120.000000	95.406	115.2977
4180.000000	95.235	114.6860
4250.000000	95.025	114.0513
4310.000000	94.834	113.5788
4370.000000	94.631	113.1876
4440.000000	94.376	112.8683
4500.000000	94.145	112.7437
4550.000000	93.947	112.7598
4620.000000	93.670	112.9471
4680.000000	93.434	113.2332
4750.000000	93.160	113.6917
4820.000000	92.887	114.2792
4870.000000	92.691	114.7811
4940.000000	92.417	115.6052
5000.000000	92.185	116.4190
5080.000000	91.880	117.6549
5150.000000	91.619	118.8782
5220.000000	91.361	120.2278
5300.000000	91.075	121.9249
5380.000000	90.799	123.7954
5450.000000	90.566	125.5600
5520.000000	90.344	127.4347
5600.000000	90.102	129.7198
5700.000000	89.826	132.7884
5800.000000	89.580	136.0488
5900.000000	89.365	139.4579
6000.000000	89.180	143.0052
6080.000000	89.053	145.9584
6150.000000	88.959	148.6465
6220.000000	88.885	151.4386
6300.000000	88.830	154.7380
6400.000000	88.813	159.0242
6500.000000	88.866	163.4520
6600.000000	89.004	167.9420
6700.000000	89.240	172.3714
6800.000000	89.585	176.5362
6900.000000	90.032	-179.8205
7000.000000	90.553	-176.9407
7100.000000	91.106	-174.9002
7200.000000	91.669	-173.6369
7300.000000	92.231	-173.2021
7400.000000	92.750	-173.7112
7500.000000	93.166	-175.0041
7620.000000	93.499	-176.9894
7750.000000	93.729	-179.0615
7880.000000	93.891	178.6091
8000.000000	93.909	176.0106
8120.000000	93.759	173.6335
8250.000000	93.513	171.9508
8380.000000	93.324	170.7652
8500.000000	93.200	169.1007
8620.000000	92.990	166.4543
8750.000000	92.517	163.1445
8850.000000	91.966	161.0547
9000.000000	90.942	159.5789
9120.000000	90.071	159.9549
9250.000000	89.172	161.6695
9380.000000	88.367	164.3828
9500.000000	87.733	167.4661
9620.000000	87.209	170.7504
9750.000000	86.737	174.2461
9880.000000	86.335	177.5687
10000.000000	86.007	-179.5765
10150.000000	85.633	-176.3342
10300.000000	85.266	-173.4865
10440.000000	84.897	-171.1388
10600.000000	84.410	-168.6548
10750.000000	83.868	-166.2197
10900.000000	83.244	-163.3108
11060.000000	82.513	-159.3246
11200.000000	81.853	-154.7982
11380.000000	81.070	-147.1510
11500.000000	80.681	-140.8422
11720.000000	80.490	-127.6022
11800.000000	80.632	-122.8195
12060.000000	81.733	-110.8720
12200.000000	82.473	-107.7084
12410.000000	83.354	-106.5094
12500.000000	83.592	-106.6671
12650.000000	83.811	-106.9811
12800.000000	83.873	-106.7572
13150.000000	83.935	-103.1334
13200.000000	83.972	-102.3519
13400.000000	84.250	-98.9440
13600.000000	84.780	-95.5824
13800.000000	85.574	-93.1162
14000.000000	86.566	-92.3502
14300.000000	88.365	-94.9836
14500.000000	89.595	-101.0353
14750.000000	90.536	-113.2770
15000.000000	90.532	-126.4271
15250.000000	89.999	-136.6836
15500.000000	89.501	-144.6161
15750.000000	89.112	-152.4411
16000.000000	88.660	-160.3497
16250.000000	88.210	-167.5681
16500.000000	87.950	-174.6153
16750.000000	87.870	177.1974
17000.000000	87.858	168.0227
17250.000000	88.266	158.0751
17500.000000	89.298	143.0172
17750.000000	90.082	119.8686
18000.000000	89.832	91.1338
18250.000000	88.421	60.8058
18500.000000	86.171	30.9695
18750.000000	83.420	1.2489
19000.000000	80.264	-29.3706
19250.000000	76.659	-61.5115
19500.000000	72.564	-95.7587
19750.000000	68.004	-132.8488
20000.000000	63.968	-168.7727
