* Measurement data measured by REW V5.31.3
* Source: Headset (USB-C to 3.5mm Headphone Jack Adapter), MICROPHONE (Master Volume), R, volume: 0.700
* Format: 256k Log Swept Sine, 1 sweep at -12.0 dBFS with no timing reference
* Dated: Aug 24, 2024 8:38:11 PM
* REW Settings:
*  C-weighting compensation: Off
*  Target level: 75.0 dB
* Note: ; 
* Measurement: L 7hz x Crinacle Zero:2
* Smoothing: 1/24 octave
* Frequency Step: 1/48 octave
* Start Frequency: 20.000 Hz
*
* Freq(Hz)	SPL(dB)	Phase(degrees)
20.000000	105.505	-171.3772
20.299999	105.499	-172.0140
20.600000	105.491	-172.6409
20.900000	105.479	-173.2500
21.200001	105.466	-173.8381
21.400000	105.456	-174.2192
21.799999	105.436	-174.9578
22.000000	105.425	-175.3153
22.400000	105.401	-176.0024
22.700001	105.383	-176.4898
23.000000	105.365	-176.9560
23.299999	105.350	-177.4113
23.600000	105.336	-177.8702
24.000000	105.318	-178.5067
24.299999	105.301	-179.0012
24.700001	105.268	-179.6552
25.000000	105.237	179.8849
25.400000	105.194	179.3375
25.799999	105.155	178.8560
26.200001	105.125	178.3973
26.500000	105.107	178.0406
26.900000	105.085	177.5315
27.200001	105.067	177.1295
27.600000	105.038	176.5851
28.000000	105.006	176.0486
28.500000	104.962	175.4023
29.000000	104.914	174.7983
29.500000	104.865	174.2620
30.000000	104.822	173.7946
30.400000	104.798	173.4356
30.700001	104.784	173.1495
31.100000	104.766	172.7285
31.500000	104.745	172.2715
32.000000	104.707	171.7023
32.500000	104.662	171.1885
33.000000	104.620	170.7289
33.500000	104.581	170.2829
34.000000	104.542	169.8311
34.500000	104.500	169.3930
35.000000	104.458	168.9857
35.500000	104.420	168.5908
36.000000	104.383	168.1780
36.500000	104.343	167.7490
37.000000	104.298	167.3375
37.500000	104.253	166.9657
38.200001	104.196	166.4738
38.700001	104.158	166.1090
39.500000	104.095	165.5263
40.000000	104.058	165.1685
40.599998	104.016	164.6943
41.200001	103.963	164.1684
41.799999	103.892	163.7028
42.500000	103.808	163.3558
43.099998	103.757	163.1383
43.700001	103.721	162.8642
44.400002	103.675	162.4783
45.000000	103.631	162.1712
45.500000	103.599	161.9341
46.200001	103.558	161.5698
46.799999	103.520	161.2094
47.500000	103.462	160.7853
48.200001	103.395	160.4311
48.700001	103.347	160.2336
49.400002	103.287	159.9839
50.000000	103.240	159.7421
50.799999	103.169	159.4077
51.500000	103.105	159.1693
52.200001	103.050	158.9476
53.000000	102.992	158.6637
53.799999	102.937	158.3800
54.500000	102.898	158.0780
55.200001	102.851	157.6779
56.000000	102.770	157.2698
57.000000	102.671	157.0499
58.000000	102.609	156.8611
59.000000	102.546	156.5626
60.000000	102.478	156.2828
60.799999	102.424	156.0477
61.500000	102.373	155.8393
62.200001	102.320	155.6534
63.000000	102.262	155.4540
64.000000	102.189	155.1946
65.000000	102.112	154.9814
66.000000	102.042	154.8202
67.000000	101.979	154.6688
68.000000	101.920	154.4874
69.000000	101.853	154.2532
70.000000	101.776	154.0741
71.000000	101.703	153.9394
72.000000	101.634	153.7813
73.000000	101.566	153.6157
74.000000	101.500	153.4429
75.000000	101.436	153.2755
76.199997	101.362	153.0828
77.500000	101.282	152.9084
78.800003	101.199	152.7826
80.000000	101.127	152.7454
81.199997	101.063	152.6444
82.500000	100.982	152.4999
83.800003	100.904	152.3997
85.000000	100.836	152.2579
86.199997	100.762	152.1159
87.500000	100.684	152.0413
88.500000	100.630	152.0060
90.000000	100.550	151.9491
91.199997	100.484	151.9113
92.500000	100.410	151.8792
93.800003	100.336	151.8484
95.000000	100.271	151.8086
96.199997	100.209	151.7398
97.500000	100.141	151.6719
98.800003	100.075	151.6583
100.000000	100.018	151.6660
101.500000	99.943	151.6817
103.000000	99.865	151.6960
104.400002	99.790	151.6812
106.000000	99.706	151.6592
107.500000	99.637	151.6837
109.000000	99.578	151.7426
110.599998	99.507	151.7901
112.000000	99.434	151.8208
113.800003	99.334	151.8098
115.000000	99.284	151.7567
117.199997	99.261	151.6000
118.000000	99.278	151.5053
120.599998	99.205	150.7913
122.000000	99.070	151.3382
124.099998	98.931	152.3229
125.000000	98.876	152.5312
126.500000	98.780	152.6696
128.000000	98.696	152.7155
131.500000	98.588	152.9176
132.000000	98.572	152.9749
134.000000	98.488	153.2877
136.000000	98.381	153.6398
138.000000	98.307	154.1255
140.000000	98.294	154.3510
143.000000	98.272	154.5688
145.000000	98.232	154.8444
147.500000	98.179	155.0690
150.000000	98.129	155.1155
152.500000	98.095	155.0738
155.000000	98.042	155.0914
157.500000	97.969	155.1748
160.000000	97.893	155.2650
162.500000	97.827	155.3842
165.000000	97.764	155.5255
167.500000	97.696	155.6804
170.000000	97.629	155.8397
172.500000	97.565	156.0127
175.000000	97.502	156.2202
177.500000	97.441	156.4388
180.000000	97.382	156.6431
182.500000	97.325	156.8404
185.000000	97.270	157.0405
187.500000	97.215	157.2413
190.000000	97.161	157.4619
192.500000	97.110	157.6975
195.000000	97.061	157.9156
197.500000	97.012	158.1270
200.000000	96.965	158.3407
203.000000	96.909	158.6101
206.000000	96.855	158.8863
209.000000	96.803	159.1608
212.000000	96.752	159.4307
214.000000	96.719	159.6107
218.000000	96.654	159.9729
220.000000	96.621	160.1547
224.000000	96.558	160.5087
227.000000	96.513	160.7729
230.000000	96.471	161.0492
233.000000	96.431	161.3277
236.000000	96.391	161.5923
240.000000	96.339	161.9388
243.000000	96.300	162.1992
247.000000	96.250	162.5457
250.000000	96.214	162.8105
254.000000	96.168	163.1660
258.000000	96.124	163.5098
262.000000	96.080	163.8560
265.000000	96.049	164.1194
269.000000	96.010	164.4577
272.000000	95.981	164.7079
276.000000	95.942	165.0460
280.000000	95.904	165.3771
285.000000	95.861	165.7798
290.000000	95.819	166.1821
295.000000	95.777	166.5936
300.000000	95.737	166.9953
304.000000	95.707	167.3054
307.000000	95.685	167.5335
311.000000	95.656	167.8389
315.000000	95.627	168.1502
320.000000	95.592	168.5310
325.000000	95.560	168.9002
330.000000	95.529	169.2682
335.000000	95.499	169.6372
340.000000	95.468	170.0039
345.000000	95.440	170.3634
350.000000	95.412	170.7180
355.000000	95.385	171.0703
360.000000	95.358	171.4210
365.000000	95.331	171.7692
370.000000	95.306	172.1139
375.000000	95.282	172.4583
382.000000	95.250	172.9391
387.000000	95.227	173.2729
395.000000	95.192	173.8074
400.000000	95.170	174.1400
406.000000	95.145	174.5336
412.000000	95.122	174.9244
418.000000	95.099	175.3143
425.000000	95.073	175.7671
431.000000	95.052	176.1471
437.000000	95.032	176.5272
444.000000	95.009	176.9680
450.000000	94.990	177.3371
455.000000	94.974	177.6426
462.000000	94.952	178.0660
468.000000	94.934	178.4274
475.000000	94.913	178.8493
482.000000	94.892	179.2686
487.000000	94.877	179.5712
494.000000	94.857	179.9958
500.000000	94.840	-179.6406
508.000000	94.819	-179.1590
515.000000	94.801	-178.7332
522.000000	94.784	-178.3107
530.000000	94.765	-177.8254
538.000000	94.746	-177.3391
545.000000	94.731	-176.9150
552.000000	94.716	-176.4894
560.000000	94.700	-176.0046
570.000000	94.681	-175.4015
580.000000	94.664	-174.7921
590.000000	94.648	-174.1795
600.000000	94.632	-173.5628
608.000000	94.619	-173.0677
615.000000	94.610	-172.6338
622.000000	94.602	-172.2017
630.000000	94.594	-171.7068
640.000000	94.584	-171.0839
650.000000	94.577	-170.4532
660.000000	94.570	-169.8181
670.000000	94.566	-169.1861
680.000000	94.564	-168.5532
690.000000	94.563	-167.9160
700.000000	94.564	-167.2731
710.000000	94.567	-166.6282
720.000000	94.573	-165.9896
730.000000	94.580	-165.3576
740.000000	94.590	-164.7221
750.000000	94.601	-164.0841
762.000000	94.616	-163.3241
775.000000	94.636	-162.5039
788.000000	94.657	-161.6856
800.000000	94.680	-160.9258
812.000000	94.706	-160.1659
825.000000	94.738	-159.3442
838.000000	94.773	-158.5221
850.000000	94.809	-157.7640
862.000000	94.849	-157.0121
875.000000	94.895	-156.2034
885.000000	94.934	-155.5873
900.000000	94.996	-154.6770
912.000000	95.051	-153.9606
925.000000	95.114	-153.1958
938.000000	95.181	-152.4497
950.000000	95.247	-151.7781
962.000000	95.315	-151.1228
975.000000	95.393	-150.4348
988.000000	95.473	-149.7708
1000.000000	95.550	-149.1805
1015.000000	95.650	-148.4750
1030.000000	95.752	-147.8097
1044.000000	95.851	-147.2241
1060.000000	95.966	-146.6002
1075.000000	96.075	-146.0607
1090.000000	96.184	-145.5605
1106.000000	96.301	-145.0668
1120.000000	96.403	-144.6737
1138.000000	96.533	-144.2168
1150.000000	96.618	-143.9380
1172.000000	96.772	-143.4798
1180.000000	96.826	-143.3282
1206.000000	96.999	-142.8853
1220.000000	97.089	-142.6769
1241.000000	97.220	-142.3927
1250.000000	97.275	-142.2808
1265.000000	97.364	-142.1072
1280.000000	97.451	-141.9458
1315.000000	97.644	-141.6101
1320.000000	97.671	-141.5662
1340.000000	97.774	-141.3971
1360.000000	97.873	-141.2333
1380.000000	97.970	-141.0766
1400.000000	98.065	-140.9283
1430.000000	98.201	-140.7117
1450.000000	98.290	-140.5692
1475.000000	98.397	-140.3951
1500.000000	98.502	-140.2242
1525.000000	98.605	-140.0556
1550.000000	98.705	-139.8867
1575.000000	98.803	-139.7176
1600.000000	98.898	-139.5442
1625.000000	98.991	-139.3618
1650.000000	99.082	-139.1622
1675.000000	99.171	-138.9273
1700.000000	99.263	-138.6298
1725.000000	99.365	-138.2595
1750.000000	99.487	-137.8628
1775.000000	99.634	-137.5533
1800.000000	99.792	-137.4335
1825.000000	99.942	-137.4936
1850.000000	100.074	-137.6446
1875.000000	100.191	-137.8127
1900.000000	100.298	-137.9693
1925.000000	100.400	-138.1113
1950.000000	100.498	-138.2440
1975.000000	100.595	-138.3726
2000.000000	100.689	-138.4991
2030.000000	100.799	-138.6452
2060.000000	100.907	-138.7742
2090.000000	101.015	-138.8760
2120.000000	101.129	-138.9495
2140.000000	101.212	-138.9981
2180.000000	101.396	-139.1971
2200.000000	101.492	-139.3862
2240.000000	101.673	-139.9354
2270.000000	101.793	-140.4387
2300.000000	101.901	-140.9733
2330.000000	101.999	-141.5188
2360.000000	102.089	-142.0693
2400.000000	102.198	-142.8096
2430.000000	102.273	-143.3710
2470.000000	102.365	-144.1257
2500.000000	102.427	-144.6921
2540.000000	102.505	-145.4485
2580.000000	102.575	-146.2208
2620.000000	102.636	-147.0295
2650.000000	102.673	-147.6527
2690.000000	102.706	-148.4700
2720.000000	102.721	-149.0453
2760.000000	102.729	-149.7263
2800.000000	102.735	-150.2771
2850.000000	102.762	-150.7977
2900.000000	102.831	-151.3329
2950.000000	102.925	-152.2052
3000.000000	102.990	-153.4614
3040.000000	102.998	-154.5693
3070.000000	102.981	-155.3702
3110.000000	102.936	-156.3437
3150.000000	102.874	-157.1890
3200.000000	102.785	-158.0728
3250.000000	102.690	-158.7797
3300.000000	102.595	-159.3180
3350.000000	102.512	-159.6930
3400.000000	102.453	-159.9621
3450.000000	102.427	-160.2822
3500.000000	102.417	-160.8190
3550.000000	102.392	-161.5864
3600.000000	102.335	-162.4611
3650.000000	102.244	-163.3095
3700.000000	102.128	-164.0592
3750.000000	101.996	-164.6783
3820.000000	101.795	-165.3012
3870.000000	101.650	-165.5779
3950.000000	101.432	-165.8063
4000.000000	101.304	-165.8663
4060.000000	101.157	-165.8766
4120.000000	101.019	-165.8301
4180.000000	100.888	-165.7487
4250.000000	100.743	-165.6233
4310.000000	100.623	-165.4842
4370.000000	100.511	-165.3222
4440.000000	100.389	-165.1464
4500.000000	100.289	-165.0394
4550.000000	100.203	-164.9834
4620.000000	100.073	-164.9209
4680.000000	99.951	-164.8362
4750.000000	99.801	-164.6569
4820.000000	99.649	-164.3762
4870.000000	99.542	-164.1222
4940.000000	99.397	-163.7079
5000.000000	99.276	-163.3051
5080.000000	99.120	-162.7024
5150.000000	98.990	-162.1171
5220.000000	98.867	-161.4831
5300.000000	98.735	-160.7064
5380.000000	98.614	-159.8809
5450.000000	98.518	-159.1254
5520.000000	98.429	-158.3440
5600.000000	98.336	-157.4189
5700.000000	98.236	-156.2076
5800.000000	98.156	-154.9413
5900.000000	98.101	-153.6396
6000.000000	98.071	-152.3295
6080.000000	98.064	-151.2855
6150.000000	98.071	-150.3752
6220.000000	98.091	-149.4698
6300.000000	98.131	-148.4503
6400.000000	98.205	-147.2120
6500.000000	98.309	-146.0172
6600.000000	98.447	-144.8673
6700.000000	98.627	-143.7966
6800.000000	98.852	-142.8689
6900.000000	99.123	-142.1587
7000.000000	99.437	-141.7272
7100.000000	99.792	-141.6158
7200.000000	100.185	-141.8620
7300.000000	100.619	-142.5222
7400.000000	101.099	-143.6956
7500.000000	101.622	-145.5347
7620.000000	102.295	-148.9418
7750.000000	103.008	-154.6143
7880.000000	103.541	-162.6266
8000.000000	103.700	-171.6458
8120.000000	103.439	178.8885
8250.000000	102.709	169.5903
8380.000000	101.663	162.3021
8500.000000	100.573	157.5707
8620.000000	99.475	154.5125
8750.000000	98.345	152.6567
8850.000000	97.537	151.9992
9000.000000	96.441	151.8875
9120.000000	95.661	152.3197
9250.000000	94.909	153.1218
9380.000000	94.244	154.1266
9500.000000	93.701	155.1298
9620.000000	93.217	156.1277
9750.000000	92.749	157.1331
9880.000000	92.327	158.0002
10000.000000	91.969	158.6407
10150.000000	91.540	159.1968
10300.000000	91.108	159.5025
10440.000000	90.676	159.6722
10600.000000	90.124	159.9804
10750.000000	89.545	160.7729
10900.000000	88.941	162.5337
11060.000000	88.372	165.9444
11200.000000	88.079	170.2169
11380.000000	88.178	176.2780
11500.000000	88.557	179.4868
11720.000000	89.635	-178.4147
11800.000000	90.058	-178.9527
12060.000000	91.256	175.5572
12200.000000	91.731	170.9250
12410.000000	92.199	162.6228
12500.000000	92.311	158.7144
12650.000000	92.379	151.9038
12800.000000	92.302	144.9054
13150.000000	91.635	129.0499
13200.000000	91.499	126.9222
13400.000000	90.889	118.8583
13600.000000	90.231	111.5144
13800.000000	89.584	104.7679
14000.000000	88.992	98.4097
14300.000000	88.264	89.0641
14500.000000	87.908	82.5893
14750.000000	87.610	73.7206
15000.000000	87.443	63.5501
15250.000000	87.352	51.7698
15500.000000	87.275	38.1551
15750.000000	87.129	22.6450
16000.000000	86.822	5.4601
16250.000000	86.294	-12.8891
16500.000000	85.550	-31.8447
16750.000000	84.638	-51.0526
17000.000000	83.634	-70.4565
17250.000000	82.613	-90.3586
17500.000000	81.585	-111.3911
17750.000000	80.397	-133.8215
18000.000000	78.906	-156.3712
18250.000000	77.466	-178.4264
18500.000000	76.356	157.5521
18750.000000	75.233	130.6337
19000.000000	74.041	101.0866
19250.000000	72.824	68.0300
19500.000000	71.321	31.0486
19750.000000	69.388	-8.8148
20000.000000	67.760	-42.8846
