* Measurement data measured by REW V5.31.3
* Source: USB-C to 3.5mm Headphone Jack Adapter, USB-C to 3.5mm Headphone Jack Adapter, 0, volume: 0.264
* Format: 512k Log Swept Sine, 1 sweep at -12.0 dBFS with no timing reference
* Dated: Sep 14, 2025 12:07:49 AM
* REW Settings:
*  C-weighting compensation: Off
*  Target level: 75.0 dB
* Note: ; 
* Measurement: R ddHifi Memory E13P AET07
* Smoothing: 1/24 octave
* Frequency Step: 1/48 octave
* Start Frequency: 20.000 Hz
*
* Freq(Hz)	SPL(dB)	Phase(degrees)
20.000000	86.876	45.1293
20.299999	86.908	44.7451
20.600000	86.957	44.3966
20.900000	87.020	44.0141
21.200001	87.089	43.5557
21.400000	87.134	43.2039
21.799999	87.210	42.4182
22.000000	87.238	42.0069
22.400000	87.275	41.2108
22.700001	87.289	40.6812
23.000000	87.297	40.2378
23.299999	87.304	39.8878
23.600000	87.319	39.6179
24.000000	87.357	39.3192
24.299999	87.402	39.0753
24.700001	87.477	38.6324
25.000000	87.534	38.1811
25.400000	87.597	37.4422
25.799999	87.632	36.6391
26.200001	87.641	35.8912
26.500000	87.639	35.4144
26.900000	87.638	34.8955
27.200001	87.644	34.5657
27.600000	87.662	34.1506
28.000000	87.688	33.7251
28.500000	87.722	33.1737
29.000000	87.757	32.6260
29.500000	87.794	32.0821
30.000000	87.832	31.5181
30.400000	87.857	31.0535
30.700001	87.870	30.7116
31.100000	87.883	30.2881
31.500000	87.891	29.9214
32.000000	87.904	29.5445
32.500000	87.924	29.2178
33.000000	87.953	28.8795
33.500000	87.983	28.4938
34.000000	88.004	28.0825
34.500000	88.018	27.6985
35.000000	88.032	27.3652
35.500000	88.053	27.0454
36.000000	88.080	26.6864
36.500000	88.103	26.2804
37.000000	88.120	25.8650
37.500000	88.133	25.4756
38.200001	88.151	24.9812
38.700001	88.168	24.6530
39.500000	88.200	24.1409
40.000000	88.222	23.8049
40.599998	88.242	23.3997
41.200001	88.257	23.0463
41.799999	88.276	22.7373
42.500000	88.301	22.3400
43.099998	88.309	21.9911
43.700001	88.308	21.7314
44.400002	88.320	21.5184
45.000000	88.341	21.2967
45.500000	88.357	21.0664
46.200001	88.378	20.7119
46.799999	88.394	20.3601
47.500000	88.400	19.9031
48.200001	88.392	19.5272
48.700001	88.390	19.3302
49.400002	88.401	19.0591
50.000000	88.413	18.7912
50.799999	88.425	18.4471
51.500000	88.438	18.1517
52.200001	88.447	17.8373
53.000000	88.449	17.5365
53.799999	88.457	17.3023
54.500000	88.469	17.0781
55.200001	88.480	16.8350
56.000000	88.492	16.5573
57.000000	88.509	16.1694
58.000000	88.516	15.7517
59.000000	88.515	15.4341
60.000000	88.529	15.2239
60.799999	88.553	15.0042
61.500000	88.567	14.7466
62.200001	88.571	14.5023
63.000000	88.570	14.2987
64.000000	88.574	14.0801
65.000000	88.577	13.8531
66.000000	88.582	13.6505
67.000000	88.593	13.3974
68.000000	88.597	13.1048
69.000000	88.599	12.8737
70.000000	88.613	12.6614
71.000000	88.630	12.3907
72.000000	88.640	12.0908
73.000000	88.639	11.8230
74.000000	88.637	11.6444
75.000000	88.642	11.5022
76.199997	88.657	11.3149
77.500000	88.676	11.0119
78.800003	88.679	10.7074
80.000000	88.677	10.4639
81.199997	88.677	10.2875
82.500000	88.688	10.0204
83.800003	88.680	9.7299
85.000000	88.683	9.5820
86.199997	88.701	9.3764
87.500000	88.721	9.0897
88.500000	88.729	8.8650
90.000000	88.734	8.6265
91.199997	88.742	8.4603
92.500000	88.741	8.2281
93.800003	88.731	8.0536
95.000000	88.726	7.9498
96.199997	88.738	7.8536
97.500000	88.759	7.6547
98.800003	88.775	7.4166
100.000000	88.786	7.2235
101.500000	88.791	6.9383
103.000000	88.768	6.8108
104.400002	88.776	6.8258
106.000000	88.783	6.5361
107.500000	88.767	6.3593
109.000000	88.778	6.1692
110.599998	88.772	5.7889
112.000000	88.761	5.7574
113.800003	88.807	5.7552
115.000000	88.834	5.5267
117.199997	88.810	5.0678
118.000000	88.791	4.9819
120.599998	88.743	4.7695
122.000000	88.738	4.6938
124.099998	88.750	4.7031
125.000000	88.763	4.6718
126.500000	88.765	4.5384
128.000000	88.760	4.4121
131.500000	88.748	3.6660
132.000000	88.754	3.5900
134.000000	88.795	3.2764
136.000000	88.821	3.1758
138.000000	88.841	3.2303
140.000000	88.850	3.0952
143.000000	88.847	2.6644
145.000000	88.851	2.5139
147.500000	88.868	2.4263
150.000000	88.880	2.2832
152.500000	88.889	2.0493
155.000000	88.903	1.8677
157.500000	88.912	1.6522
160.000000	88.909	1.4545
162.500000	88.916	1.3715
165.000000	88.925	1.2571
167.500000	88.922	1.0169
170.000000	88.901	0.6473
172.500000	88.896	0.6102
175.000000	88.939	0.3914
177.500000	88.905	0.0195
180.000000	88.853	0.2383
182.500000	88.884	0.5623
185.000000	88.961	0.4661
187.500000	89.013	0.1139
190.000000	89.014	-0.1625
192.500000	88.977	-0.3403
195.000000	88.937	-0.6412
197.500000	88.927	-1.0735
200.000000	88.953	-1.3932
203.000000	88.982	-1.4846
206.000000	88.983	-1.4688
209.000000	88.979	-1.5785
212.000000	88.981	-1.7047
214.000000	88.986	-1.7850
218.000000	89.007	-2.0372
220.000000	89.019	-2.1752
224.000000	89.031	-2.3851
227.000000	89.037	-2.5301
230.000000	89.044	-2.6599
233.000000	89.051	-2.8082
236.000000	89.065	-3.0086
240.000000	89.092	-3.2335
243.000000	89.104	-3.3177
247.000000	89.116	-3.5096
250.000000	89.131	-3.7244
254.000000	89.149	-3.9828
258.000000	89.160	-4.1835
262.000000	89.166	-4.3843
265.000000	89.168	-4.5856
269.000000	89.178	-4.9056
272.000000	89.189	-5.0999
276.000000	89.201	-5.3127
280.000000	89.210	-5.5463
285.000000	89.220	-5.8372
290.000000	89.229	-6.1197
295.000000	89.241	-6.3929
300.000000	89.253	-6.6656
304.000000	89.263	-6.8768
307.000000	89.272	-7.0376
311.000000	89.283	-7.2604
315.000000	89.293	-7.4774
320.000000	89.305	-7.7440
325.000000	89.317	-8.0068
330.000000	89.330	-8.2645
335.000000	89.345	-8.5388
340.000000	89.360	-8.8210
345.000000	89.378	-9.0936
350.000000	89.395	-9.3707
355.000000	89.410	-9.6685
360.000000	89.424	-9.9791
365.000000	89.440	-10.2881
370.000000	89.457	-10.5906
375.000000	89.472	-10.8879
382.000000	89.493	-11.2939
387.000000	89.507	-11.6137
395.000000	89.528	-12.1495
400.000000	89.541	-12.5054
406.000000	89.555	-12.9414
412.000000	89.565	-13.3359
418.000000	89.574	-13.7319
425.000000	89.585	-14.2109
431.000000	89.596	-14.6278
437.000000	89.607	-15.0317
444.000000	89.621	-15.5162
450.000000	89.630	-15.9636
455.000000	89.637	-16.3265
462.000000	89.649	-16.8324
468.000000	89.658	-17.2805
475.000000	89.666	-17.7986
482.000000	89.673	-18.3234
487.000000	89.678	-18.7192
494.000000	89.684	-19.2818
500.000000	89.690	-19.7722
508.000000	89.689	-20.4844
515.000000	89.680	-21.0888
522.000000	89.671	-21.6609
530.000000	89.666	-22.2998
538.000000	89.662	-22.9423
545.000000	89.653	-23.5007
552.000000	89.642	-24.0781
560.000000	89.629	-24.7351
570.000000	89.605	-25.5510
580.000000	89.570	-26.3961
590.000000	89.534	-27.2767
600.000000	89.498	-28.1393
608.000000	89.464	-28.8079
615.000000	89.429	-29.3767
622.000000	89.394	-29.9409
630.000000	89.353	-30.6252
640.000000	89.300	-31.4943
650.000000	89.239	-32.2942
660.000000	89.169	-33.0605
670.000000	89.098	-33.8374
680.000000	89.026	-34.6432
690.000000	88.949	-35.4141
700.000000	88.866	-36.1326
710.000000	88.777	-36.7992
720.000000	88.681	-37.4518
730.000000	88.579	-38.1336
740.000000	88.487	-38.8110
750.000000	88.399	-39.3815
762.000000	88.276	-40.0331
775.000000	88.144	-40.6649
788.000000	88.008	-41.2704
800.000000	87.878	-41.8079
812.000000	87.746	-42.2948
825.000000	87.601	-42.7499
838.000000	87.460	-43.1683
850.000000	87.333	-43.4969
862.000000	87.209	-43.7654
875.000000	87.074	-44.0427
885.000000	86.969	-44.2131
900.000000	86.819	-44.3929
912.000000	86.704	-44.4940
925.000000	86.585	-44.5533
938.000000	86.474	-44.5687
950.000000	86.380	-44.5834
962.000000	86.296	-44.6105
975.000000	86.214	-44.6382
988.000000	86.137	-44.6877
1000.000000	86.069	-44.7704
1015.000000	85.984	-44.8874
1030.000000	85.899	-45.0224
1044.000000	85.821	-45.1615
1060.000000	85.736	-45.3308
1075.000000	85.658	-45.5059
1090.000000	85.583	-45.6984
1106.000000	85.503	-45.9215
1120.000000	85.434	-46.1374
1138.000000	85.344	-46.4575
1150.000000	85.282	-46.6821
1172.000000	85.166	-47.1031
1180.000000	85.123	-47.2649
1206.000000	84.977	-47.8113
1220.000000	84.896	-48.1190
1241.000000	84.767	-48.5802
1250.000000	84.709	-48.7787
1265.000000	84.609	-49.1027
1280.000000	84.504	-49.4131
1315.000000	84.249	-50.0970
1320.000000	84.211	-50.1909
1340.000000	84.057	-50.5456
1360.000000	83.899	-50.8655
1380.000000	83.736	-51.1530
1400.000000	83.571	-51.3954
1430.000000	83.316	-51.6810
1450.000000	83.144	-51.8220
1475.000000	82.928	-51.9348
1500.000000	82.712	-51.9857
1525.000000	82.495	-51.9760
1550.000000	82.279	-51.9006
1575.000000	82.064	-51.7600
1600.000000	81.852	-51.5499
1625.000000	81.642	-51.2813
1650.000000	81.436	-50.9871
1675.000000	81.233	-50.6449
1700.000000	81.036	-50.2424
1725.000000	80.844	-49.8039
1750.000000	80.653	-49.3328
1775.000000	80.465	-48.8226
1800.000000	80.284	-48.2670
1825.000000	80.108	-47.6920
1850.000000	79.936	-47.0875
1875.000000	79.767	-46.4561
1900.000000	79.602	-45.8054
1925.000000	79.440	-45.1309
1950.000000	79.283	-44.4301
1975.000000	79.131	-43.7068
2000.000000	78.982	-42.9692
2030.000000	78.810	-42.0704
2060.000000	78.644	-41.1503
2090.000000	78.482	-40.2078
2120.000000	78.325	-39.2401
2140.000000	78.223	-38.5823
2180.000000	78.026	-37.2603
2200.000000	77.932	-36.5920
2240.000000	77.751	-35.2220
2270.000000	77.622	-34.1736
2300.000000	77.497	-33.1100
2330.000000	77.376	-32.0388
2360.000000	77.262	-30.9598
2400.000000	77.117	-29.5108
2430.000000	77.013	-28.4111
2470.000000	76.882	-26.9214
2500.000000	76.790	-25.8017
2540.000000	76.674	-24.3085
2580.000000	76.566	-22.7919
2620.000000	76.465	-21.3035
2650.000000	76.392	-20.1832
2690.000000	76.300	-18.6696
2720.000000	76.237	-17.5325
2760.000000	76.160	-16.0159
2800.000000	76.088	-14.4941
2850.000000	76.008	-12.5906
2900.000000	75.939	-10.6705
2950.000000	75.882	-8.7596
3000.000000	75.834	-6.8741
3040.000000	75.802	-5.3577
3070.000000	75.783	-4.2116
3110.000000	75.761	-2.6819
3150.000000	75.743	-1.1529
3200.000000	75.734	0.7721
3250.000000	75.743	2.7003
3300.000000	75.763	4.6089
3350.000000	75.798	6.4412
3400.000000	75.847	8.2151
3450.000000	75.903	9.9393
3500.000000	75.963	11.6025
3550.000000	76.026	13.2134
3600.000000	76.095	14.7928
3650.000000	76.169	16.3457
3700.000000	76.249	17.8668
3750.000000	76.333	19.3633
3820.000000	76.461	21.4226
3870.000000	76.559	22.8560
3950.000000	76.730	25.0715
4000.000000	76.843	26.3998
4060.000000	76.983	27.9333
4120.000000	77.126	29.4145
4180.000000	77.271	30.8633
4250.000000	77.446	32.5338
4310.000000	77.605	33.9472
4370.000000	77.771	35.3238
4440.000000	77.976	36.8853
4500.000000	78.159	38.1982
4550.000000	78.319	39.2858
4620.000000	78.562	40.8071
4680.000000	78.793	42.1008
4750.000000	79.095	43.5659
4820.000000	79.437	44.9258
4870.000000	79.708	45.7901
4940.000000	80.129	46.7777
5000.000000	80.525	47.3422
5080.000000	81.092	47.5554
5150.000000	81.611	47.1247
5220.000000	82.130	46.0248
5300.000000	82.684	43.8969
5380.000000	83.155	40.9042
5450.000000	83.468	37.7186
5520.000000	83.669	34.1767
5600.000000	83.744	29.9593
5700.000000	83.611	24.9247
5800.000000	83.268	20.6696
5900.000000	82.783	17.5546
6000.000000	82.232	15.6968
6080.000000	81.791	15.0442
6150.000000	81.425	14.9797
6220.000000	81.088	15.2991
6300.000000	80.745	16.0453
6400.000000	80.383	17.4279
6500.000000	80.101	19.1743
6600.000000	79.901	21.1721
6700.000000	79.787	23.3101
6800.000000	79.756	25.5065
6900.000000	79.812	27.6964
7000.000000	79.959	29.7951
7100.000000	80.203	31.6955
7200.000000	80.549	33.2516
7300.000000	80.998	34.2591
7400.000000	81.538	34.5002
7500.000000	82.151	33.7515
7620.000000	82.945	31.1904
7750.000000	83.777	25.9432
7880.000000	84.394	17.9318
8000.000000	84.576	8.6155
8120.000000	84.269	-1.2567
8250.000000	83.413	-10.8435
8380.000000	82.185	-18.0432
8500.000000	80.908	-22.3005
8620.000000	79.624	-24.5554
8750.000000	78.308	-25.2451
8850.000000	77.374	-24.8355
9000.000000	76.111	-23.1355
9120.000000	75.220	-21.0927
9250.000000	74.371	-18.3702
9380.000000	73.636	-15.2618
9500.000000	73.055	-12.1682
9620.000000	72.562	-8.9402
9750.000000	72.129	-5.3439
9880.000000	71.800	-1.7015
10000.000000	71.588	1.6613
10150.000000	71.451	5.8065
10300.000000	71.462	9.7450
10440.000000	71.611	13.0815
10600.000000	71.950	16.3304
10750.000000	72.445	18.6727
10900.000000	73.128	20.0475
11060.000000	74.076	19.8617
11200.000000	75.065	17.6307
11380.000000	76.408	10.8607
11500.000000	77.182	3.5757
11720.000000	77.868	-14.3540
11800.000000	77.802	-21.4944
12060.000000	76.608	-42.6235
12200.000000	75.651	-51.8458
12410.000000	74.185	-64.1265
12500.000000	73.550	-69.3672
12650.000000	72.394	-78.4156
12800.000000	70.984	-87.4971
13150.000000	66.420	-101.4727
13200.000000	65.707	-101.9893
13400.000000	63.148	-100.7262
13600.000000	61.444	-98.0066
13800.000000	60.398	-98.3107
14000.000000	59.392	-102.0779
14300.000000	57.323	-109.2427
14500.000000	55.745	-112.5269
14750.000000	53.960	-115.3856
15000.000000	52.524	-118.6135
15250.000000	51.369	-123.7316
15500.000000	50.641	-132.2059
15750.000000	50.549	-146.6847
16000.000000	51.188	-171.2725
16250.000000	52.321	150.5020
16500.000000	53.292	100.3069
16750.000000	53.596	47.4376
17000.000000	53.490	0.4746
17250.000000	53.288	-40.1875
17500.000000	52.742	-76.7855
17750.000000	51.843	-110.3199
18000.000000	50.772	-142.7117
18250.000000	49.510	-175.4630
18500.000000	47.926	150.6536
18750.000000	45.898	115.4104
19000.000000	43.314	78.4338
19250.000000	40.077	39.8186
19500.000000	36.043	1.1531
19750.000000	31.201	-35.9496
20000.000000	26.667	-65.8247
