* Measurement data measured by REW V5.31.3
* Source: USB-C to 3.5mm Headphone Jack Adapter, USB-C to 3.5mm Headphone Jack Adapter, 0, volume: 0.264
* Format: 512k Log Swept Sine, 1 sweep at -12.0 dBFS with no timing reference
* Dated: Sep 15, 2025 1:12:04 AM
* REW Settings:
*  C-weighting compensation: Off
*  Target level: 75.0 dB
* Note: ; 
* Measurement: R Grado GR10E AET07
* Smoothing: 1/24 octave
* Frequency Step: 1/48 octave
* Start Frequency: 20.000 Hz
*
* Freq(Hz)	SPL(dB)	Phase(degrees)
20.000000	88.240	-155.1890
20.299999	88.268	-155.5252
20.600000	88.289	-155.8570
20.900000	88.305	-156.1519
21.200001	88.320	-156.3890
21.400000	88.332	-156.5187
21.799999	88.371	-156.7632
22.000000	88.396	-156.9094
22.400000	88.445	-157.2991
22.700001	88.470	-157.6563
23.000000	88.477	-157.9994
23.299999	88.472	-158.2526
23.600000	88.467	-158.3795
24.000000	88.487	-158.4270
24.299999	88.529	-158.5058
24.700001	88.599	-158.8410
25.000000	88.637	-159.2665
25.400000	88.644	-159.8865
25.799999	88.614	-160.3161
26.200001	88.591	-160.4753
26.500000	88.599	-160.5370
26.900000	88.632	-160.7181
27.200001	88.650	-160.9610
27.600000	88.640	-161.2588
28.000000	88.610	-161.2717
28.500000	88.630	-160.8854
29.000000	88.746	-160.6617
29.500000	88.857	-160.9694
30.000000	88.885	-161.2537
30.400000	88.903	-161.0784
30.700001	88.965	-160.8476
31.100000	89.111	-160.8854
31.500000	89.237	-161.6110
32.000000	89.200	-162.8006
32.500000	88.988	-162.5929
33.000000	88.982	-160.4804
33.500000	89.431	-159.1308
34.000000	89.978	-161.0862
34.500000	90.112	-165.4621
35.000000	89.664	-169.2339
35.500000	88.921	-169.4892
36.000000	88.516	-166.1301
36.500000	88.727	-163.0647
37.000000	89.112	-162.9901
37.500000	89.239	-164.6716
38.200001	89.035	-166.0196
38.700001	88.938	-165.6362
39.500000	89.022	-165.2493
40.000000	89.049	-165.5551
40.599998	89.024	-165.6716
41.200001	89.050	-165.4472
41.799999	89.129	-165.5018
42.500000	89.169	-166.0103
43.099998	89.141	-166.2909
43.700001	89.115	-166.2579
44.400002	89.123	-166.1513
45.000000	89.137	-166.1580
45.500000	89.146	-166.1772
46.200001	89.172	-166.2218
46.799999	89.205	-166.4059
47.500000	89.224	-166.8022
48.200001	89.215	-167.1907
48.700001	89.203	-167.4111
49.400002	89.183	-167.6603
50.000000	89.162	-167.7776
50.799999	89.157	-167.7753
51.500000	89.183	-167.8191
52.200001	89.210	-168.0003
53.000000	89.224	-168.2082
53.799999	89.240	-168.3570
54.500000	89.254	-168.4854
55.200001	89.264	-168.5906
56.000000	89.279	-168.6745
57.000000	89.304	-168.7758
58.000000	89.336	-168.9666
59.000000	89.348	-169.2797
60.000000	89.342	-169.4623
60.799999	89.351	-169.5589
61.500000	89.359	-169.7171
62.200001	89.354	-169.8733
63.000000	89.345	-169.9408
64.000000	89.352	-169.9466
65.000000	89.367	-170.0402
66.000000	89.370	-170.1659
67.000000	89.372	-170.2342
68.000000	89.383	-170.3453
69.000000	89.387	-170.5229
70.000000	89.386	-170.6814
71.000000	89.387	-170.8065
72.000000	89.393	-170.9081
73.000000	89.403	-171.0025
74.000000	89.415	-171.0770
75.000000	89.432	-171.1696
76.199997	89.444	-171.3295
77.500000	89.448	-171.4576
78.800003	89.453	-171.5749
80.000000	89.457	-171.6886
81.199997	89.462	-171.8078
82.500000	89.466	-171.9391
83.800003	89.471	-172.0499
85.000000	89.477	-172.1541
86.199997	89.483	-172.2644
87.500000	89.490	-172.4006
88.500000	89.492	-172.4947
90.000000	89.500	-172.5956
91.199997	89.509	-172.7005
92.500000	89.513	-172.8069
93.800003	89.515	-172.8843
95.000000	89.518	-172.9508
96.199997	89.520	-173.0258
97.500000	89.522	-173.1107
98.800003	89.523	-173.1981
100.000000	89.523	-173.2784
101.500000	89.528	-173.3642
103.000000	89.535	-173.4752
104.400002	89.539	-173.5695
106.000000	89.546	-173.6616
107.500000	89.554	-173.7501
109.000000	89.558	-173.8525
110.599998	89.560	-173.9388
112.000000	89.564	-174.0100
113.800003	89.567	-174.1058
115.000000	89.570	-174.1607
117.199997	89.578	-174.2795
118.000000	89.581	-174.3284
120.599998	89.587	-174.4848
122.000000	89.588	-174.5439
124.099998	89.587	-174.6209
125.000000	89.586	-174.6505
126.500000	89.584	-174.7059
128.000000	89.584	-174.7784
131.500000	89.591	-175.0114
132.000000	89.592	-175.0393
134.000000	89.597	-175.1241
136.000000	89.602	-175.1946
138.000000	89.606	-175.2573
140.000000	89.607	-175.3359
143.000000	89.607	-175.4271
145.000000	89.609	-175.4995
147.500000	89.609	-175.5898
150.000000	89.607	-175.6728
152.500000	89.601	-175.7634
155.000000	89.597	-175.8237
157.500000	89.607	-175.8974
160.000000	89.617	-176.0241
162.500000	89.619	-176.1267
165.000000	89.622	-176.1943
167.500000	89.626	-176.2565
170.000000	89.629	-176.3082
172.500000	89.627	-176.3968
175.000000	89.623	-176.4925
177.500000	89.621	-176.5794
180.000000	89.621	-176.6492
182.500000	89.619	-176.7142
185.000000	89.616	-176.7825
187.500000	89.616	-176.8455
190.000000	89.617	-176.9110
192.500000	89.615	-176.9603
195.000000	89.615	-177.0098
197.500000	89.615	-177.0846
200.000000	89.613	-177.1575
203.000000	89.610	-177.2121
206.000000	89.607	-177.2614
209.000000	89.604	-177.3260
212.000000	89.603	-177.3633
214.000000	89.602	-177.3857
218.000000	89.595	-177.4542
220.000000	89.591	-177.4948
224.000000	89.588	-177.5666
227.000000	89.589	-177.5979
230.000000	89.591	-177.6205
233.000000	89.596	-177.6585
236.000000	89.600	-177.6968
240.000000	89.601	-177.7953
243.000000	89.599	-177.9193
247.000000	89.602	-177.9457
250.000000	89.603	-177.9594
254.000000	89.600	-178.0269
258.000000	89.594	-178.0892
262.000000	89.582	-178.2015
265.000000	89.574	-178.2942
269.000000	89.567	-178.3738
272.000000	89.564	-178.4120
276.000000	89.561	-178.4651
280.000000	89.558	-178.5122
285.000000	89.550	-178.6012
290.000000	89.540	-178.6920
295.000000	89.528	-178.7842
300.000000	89.519	-178.8184
304.000000	89.518	-178.8258
307.000000	89.518	-178.8437
311.000000	89.512	-178.8890
315.000000	89.504	-178.9535
320.000000	89.497	-179.0114
325.000000	89.491	-179.0483
330.000000	89.483	-179.0914
335.000000	89.475	-179.1233
340.000000	89.467	-179.1740
345.000000	89.460	-179.2236
350.000000	89.452	-179.2550
355.000000	89.443	-179.2859
360.000000	89.435	-179.3253
365.000000	89.427	-179.3706
370.000000	89.417	-179.4050
375.000000	89.407	-179.4351
382.000000	89.397	-179.4837
387.000000	89.388	-179.5123
395.000000	89.374	-179.5431
400.000000	89.366	-179.5605
406.000000	89.354	-179.5981
412.000000	89.343	-179.6365
418.000000	89.333	-179.6681
425.000000	89.323	-179.6943
431.000000	89.313	-179.7084
437.000000	89.300	-179.7283
444.000000	89.289	-179.7552
450.000000	89.280	-179.7778
455.000000	89.272	-179.7948
462.000000	89.260	-179.8152
468.000000	89.250	-179.8379
475.000000	89.238	-179.8723
482.000000	89.225	-179.9006
487.000000	89.216	-179.9196
494.000000	89.204	-179.9422
500.000000	89.195	-179.9623
508.000000	89.181	-179.9752
515.000000	89.170	-179.9897
522.000000	89.158	179.9952
530.000000	89.145	179.9859
538.000000	89.133	179.9630
545.000000	89.124	179.9240
552.000000	89.114	179.8897
560.000000	89.104	179.8502
570.000000	89.094	179.7849
580.000000	89.082	179.7094
590.000000	89.065	179.6088
600.000000	89.048	179.4860
608.000000	89.031	179.3692
615.000000	89.011	179.2520
622.000000	88.992	179.1603
630.000000	88.980	179.0706
640.000000	88.962	178.9104
650.000000	88.934	178.7560
660.000000	88.898	178.5724
670.000000	88.858	178.3591
680.000000	88.816	178.1695
690.000000	88.768	178.0117
700.000000	88.716	177.8672
710.000000	88.660	177.7505
720.000000	88.601	177.6556
730.000000	88.542	177.5786
740.000000	88.484	177.5162
750.000000	88.426	177.4642
762.000000	88.355	177.3995
775.000000	88.277	177.3033
788.000000	88.194	177.1647
800.000000	88.108	177.0127
812.000000	88.010	176.8710
825.000000	87.891	176.7456
838.000000	87.761	176.6613
850.000000	87.629	176.6303
862.000000	87.486	176.6626
875.000000	87.318	176.7861
885.000000	87.181	176.9667
900.000000	86.964	177.4076
912.000000	86.788	177.9122
925.000000	86.596	178.6258
938.000000	86.409	179.5384
950.000000	86.248	-179.4598
962.000000	86.104	-178.3177
975.000000	85.968	-176.9363
988.000000	85.859	-175.4579
1000.000000	85.782	-174.0501
1015.000000	85.718	-172.2573
1030.000000	85.690	-170.4690
1044.000000	85.695	-168.8528
1060.000000	85.730	-167.1128
1075.000000	85.784	-165.5874
1090.000000	85.854	-164.1777
1106.000000	85.945	-162.8236
1120.000000	86.037	-161.7636
1138.000000	86.158	-160.5454
1150.000000	86.240	-159.7835
1172.000000	86.395	-158.5654
1180.000000	86.453	-158.1955
1206.000000	86.636	-157.1802
1220.000000	86.729	-156.7033
1241.000000	86.860	-156.0880
1250.000000	86.912	-155.8413
1265.000000	86.996	-155.4680
1280.000000	87.073	-155.1453
1315.000000	87.235	-154.4855
1320.000000	87.257	-154.3983
1340.000000	87.335	-154.0643
1360.000000	87.405	-153.7462
1380.000000	87.470	-153.4375
1400.000000	87.527	-153.1366
1430.000000	87.603	-152.6613
1450.000000	87.650	-152.3295
1475.000000	87.704	-151.9038
1500.000000	87.754	-151.4539
1525.000000	87.801	-150.9892
1550.000000	87.847	-150.5060
1575.000000	87.892	-150.0010
1600.000000	87.937	-149.4775
1625.000000	87.982	-148.9377
1650.000000	88.029	-148.3810
1675.000000	88.078	-147.8095
1700.000000	88.129	-147.2258
1725.000000	88.182	-146.6286
1750.000000	88.237	-146.0190
1775.000000	88.295	-145.4026
1800.000000	88.357	-144.7849
1825.000000	88.422	-144.1653
1850.000000	88.490	-143.5460
1875.000000	88.562	-142.9196
1900.000000	88.637	-142.2849
1925.000000	88.716	-141.6544
1950.000000	88.800	-141.0278
1975.000000	88.888	-140.4039
2000.000000	88.981	-139.7850
2030.000000	89.098	-139.0507
2060.000000	89.221	-138.3299
2090.000000	89.351	-137.6277
2120.000000	89.489	-136.9405
2140.000000	89.585	-136.4938
2180.000000	89.787	-135.6297
2200.000000	89.894	-135.2140
2240.000000	90.118	-134.4228
2270.000000	90.296	-133.8725
2300.000000	90.483	-133.3608
2330.000000	90.680	-132.8980
2360.000000	90.886	-132.4900
2400.000000	91.176	-132.0404
2430.000000	91.404	-131.7828
2470.000000	91.725	-131.5670
2500.000000	91.977	-131.5141
2540.000000	92.328	-131.6132
2580.000000	92.696	-131.9374
2620.000000	93.078	-132.5254
2650.000000	93.373	-133.1659
2690.000000	93.772	-134.3190
2720.000000	94.072	-135.4380
2760.000000	94.466	-137.3074
2800.000000	94.841	-139.6501
2850.000000	95.256	-143.2755
2900.000000	95.574	-147.6495
2950.000000	95.751	-152.6312
3000.000000	95.748	-157.9212
3040.000000	95.607	-162.1001
3070.000000	95.421	-165.0469
3110.000000	95.083	-168.5641
3150.000000	94.667	-171.4705
3200.000000	94.088	-174.1462
3250.000000	93.503	-175.8494
3300.000000	92.958	-176.8596
3350.000000	92.456	-177.5122
3400.000000	91.972	-178.0034
3450.000000	91.476	-178.2954
3500.000000	90.959	-178.2187
3550.000000	90.441	-177.6421
3600.000000	89.942	-176.6398
3650.000000	89.462	-175.3601
3700.000000	88.982	-173.7874
3750.000000	88.489	-171.7206
3820.000000	87.821	-167.5745
3870.000000	87.418	-163.5587
3950.000000	87.047	-155.4787
4000.000000	87.061	-149.8042
4060.000000	87.375	-143.0632
4120.000000	88.002	-137.1920
4180.000000	88.879	-132.9353
4250.000000	90.075	-130.6630
4310.000000	91.109	-131.2142
4370.000000	92.023	-133.8938
4440.000000	92.807	-139.0458
4500.000000	93.174	-144.3831
4550.000000	93.263	-148.9060
4620.000000	93.113	-154.6364
4680.000000	92.801	-158.6086
4750.000000	92.319	-161.9991
4820.000000	91.790	-164.1607
4870.000000	91.413	-165.0793
4940.000000	90.911	-165.6788
5000.000000	90.515	-165.7001
5080.000000	90.042	-165.2274
5150.000000	89.678	-164.4931
5220.000000	89.357	-163.5715
5300.000000	89.031	-162.3828
5380.000000	88.735	-161.1033
5450.000000	88.489	-159.8950
5520.000000	88.247	-158.5404
5600.000000	87.981	-156.7031
5700.000000	87.692	-153.8519
5800.000000	87.501	-150.4756
5900.000000	87.436	-146.8711
6000.000000	87.492	-143.3175
6080.000000	87.611	-140.6219
6150.000000	87.762	-138.4041
6220.000000	87.952	-136.3265
6300.000000	88.215	-134.1328
6400.000000	88.607	-131.6727
6500.000000	89.070	-129.5410
6600.000000	89.607	-127.7187
6700.000000	90.248	-126.2308
6800.000000	91.020	-125.4048
6900.000000	91.922	-125.6039
7000.000000	92.897	-127.5230
7100.000000	93.830	-131.1145
7200.000000	94.698	-136.2229
7300.000000	95.435	-143.0237
7400.000000	95.928	-151.3606
7500.000000	96.080	-160.5944
7620.000000	95.773	-171.4915
7750.000000	94.955	178.5368
7880.000000	93.866	171.3253
8000.000000	92.813	167.0099
8120.000000	91.826	164.4434
8250.000000	90.889	163.0258
8380.000000	90.110	162.5089
8500.000000	89.532	162.4740
8620.000000	89.081	162.6149
8750.000000	88.728	162.7424
8850.000000	88.546	162.7003
9000.000000	88.412	162.1769
9120.000000	88.413	161.1417
9250.000000	88.504	159.1412
9380.000000	88.653	155.9557
9500.000000	88.788	151.7565
9620.000000	88.854	146.2708
9750.000000	88.758	139.0312
9880.000000	88.402	130.9272
10000.000000	87.807	123.3242
10150.000000	86.725	114.6016
10300.000000	85.368	107.4991
10440.000000	83.975	102.6051
10600.000000	82.359	98.9302
10750.000000	80.903	96.9884
10900.000000	79.548	96.1073
11060.000000	78.232	95.9529
11200.000000	77.191	96.2113
11380.000000	75.987	96.7823
11500.000000	75.256	97.2068
11720.000000	74.032	97.9768
11800.000000	73.618	98.2571
12060.000000	72.381	99.1561
12200.000000	71.781	99.6215
12410.000000	70.979	100.2444
12500.000000	70.673	100.4675
12650.000000	70.215	100.7584
12800.000000	69.823	100.9030
13150.000000	69.183	100.4171
13200.000000	69.123	100.2262
13400.000000	68.972	99.0832
13600.000000	68.966	97.2379
13800.000000	69.121	94.4525
14000.000000	69.455	90.4595
14300.000000	70.312	81.3918
14500.000000	71.135	72.3250
14750.000000	72.333	56.0957
15000.000000	73.257	33.1925
15250.000000	73.233	5.0007
15500.000000	71.937	-23.9338
15750.000000	69.712	-49.4901
16000.000000	67.180	-70.8909
16250.000000	64.776	-89.5371
16500.000000	62.654	-107.0974
16750.000000	60.806	-124.7040
17000.000000	59.183	-143.1906
17250.000000	57.736	-163.2073
17500.000000	56.426	174.8784
17750.000000	55.215	150.7411
18000.000000	54.066	123.7646
18250.000000	52.966	93.0933
18500.000000	51.896	58.0922
18750.000000	50.816	17.7947
19000.000000	49.630	-28.6780
19250.000000	48.164	-82.3569
19500.000000	46.199	-144.2280
19750.000000	43.638	141.9978
20000.000000	41.339	64.5939
