* Measurement data measured by REW V5.31.3
* Source: USB-C to 3.5mm Headphone Jack Adapter, USB-C to 3.5mm Headphone Jack Adapter, 0, volume: 0.264
* Format: 512k Log Swept Sine, 1 sweep at -12.0 dBFS with no timing reference
* Dated: May 18, 2025 3:17:02 PM
* REW Settings:
*  C-weighting compensation: Off
*  Target level: 75.0 dB
* Note: ; 
* Measurement: R White (S)
* Smoothing: 1/24 octave
* Frequency Step: 1/48 octave
* Start Frequency: 20.000 Hz
*
* Freq(Hz)	SPL(dB)	Phase(degrees)
20.000000	104.747	-166.0106
20.299999	104.745	-166.7450
20.600000	104.739	-167.4805
20.900000	104.726	-168.2013
21.200001	104.706	-168.8738
21.400000	104.691	-169.2794
21.799999	104.668	-169.9833
22.000000	104.664	-170.2997
22.400000	104.679	-170.9495
22.700001	104.703	-171.5249
23.000000	104.728	-172.2097
23.299999	104.743	-172.9847
23.600000	104.740	-173.7939
24.000000	104.713	-174.8112
24.299999	104.685	-175.4749
24.700001	104.655	-176.2362
25.000000	104.644	-176.7677
25.400000	104.640	-177.5085
25.799999	104.637	-178.3170
26.200001	104.623	-179.1462
26.500000	104.604	-179.7357
26.900000	104.579	179.5524
27.200001	104.563	179.0622
27.600000	104.551	178.4213
28.000000	104.542	177.7552
28.500000	104.523	176.8933
29.000000	104.493	176.0657
29.500000	104.461	175.3138
30.000000	104.432	174.6082
30.400000	104.412	174.0464
30.700001	104.396	173.6217
31.100000	104.373	173.0572
31.500000	104.349	172.5025
32.000000	104.318	171.8225
32.500000	104.288	171.1461
33.000000	104.256	170.4706
33.500000	104.222	169.8077
34.000000	104.188	169.1663
34.500000	104.154	168.5415
35.000000	104.122	167.9232
35.500000	104.089	167.3113
36.000000	104.055	166.7160
36.500000	104.021	166.1443
37.000000	103.989	165.5893
37.500000	103.958	165.0355
38.200001	103.913	164.2558
38.700001	103.877	163.7148
39.500000	103.819	162.9016
40.000000	103.785	162.4103
40.599998	103.745	161.8227
41.200001	103.704	161.2458
41.799999	103.664	160.6819
42.500000	103.618	160.0211
43.099998	103.576	159.4604
43.700001	103.533	158.9260
44.400002	103.487	158.3100
45.000000	103.446	157.7527
45.500000	103.405	157.2885
46.200001	103.341	156.7125
46.799999	103.291	156.2877
47.500000	103.245	155.7787
48.200001	103.199	155.2086
48.700001	103.161	154.7933
49.400002	103.106	154.2423
50.000000	103.061	153.7983
50.799999	103.006	153.2192
51.500000	102.961	152.7090
52.200001	102.917	152.1961
53.000000	102.866	151.6194
53.799999	102.812	151.0646
54.500000	102.764	150.6041
55.200001	102.716	150.1606
56.000000	102.660	149.6476
57.000000	102.582	149.0159
58.000000	102.502	148.4722
59.000000	102.437	147.9205
60.000000	102.370	147.2941
60.799999	102.312	146.8274
61.500000	102.265	146.4539
62.200001	102.223	146.0728
63.000000	102.172	145.6326
64.000000	102.105	145.1588
65.000000	102.051	144.7254
66.000000	101.998	144.1906
67.000000	101.925	143.6371
68.000000	101.848	143.1844
69.000000	101.778	142.7372
70.000000	101.707	142.2878
71.000000	101.641	141.8700
72.000000	101.581	141.4278
73.000000	101.517	140.9908
74.000000	101.454	140.5982
75.000000	101.395	140.2224
76.199997	101.323	139.7773
77.500000	101.246	139.3069
78.800003	101.169	138.8094
80.000000	101.096	138.3697
81.199997	101.026	137.9515
82.500000	100.956	137.4894
83.800003	100.884	137.0234
85.000000	100.817	136.6135
86.199997	100.749	136.2283
87.500000	100.677	135.8347
88.500000	100.624	135.5417
90.000000	100.544	135.0972
91.199997	100.480	134.7540
92.500000	100.412	134.3945
93.800003	100.344	134.0422
95.000000	100.283	133.7133
96.199997	100.221	133.3937
97.500000	100.156	133.0671
98.800003	100.095	132.7335
100.000000	100.038	132.4233
101.500000	99.968	132.0505
103.000000	99.899	131.6909
104.400002	99.835	131.3638
106.000000	99.763	130.9981
107.500000	99.696	130.6686
109.000000	99.629	130.3506
110.599998	99.559	130.0176
112.000000	99.498	129.7357
113.800003	99.423	129.3836
115.000000	99.374	129.1470
117.199997	99.286	128.7114
118.000000	99.254	128.5593
120.599998	99.153	128.0903
122.000000	99.100	127.8466
124.099998	99.023	127.4858
125.000000	98.990	127.3322
126.500000	98.935	127.0852
128.000000	98.880	126.8503
131.500000	98.756	126.3059
132.000000	98.738	126.2267
134.000000	98.669	125.9142
136.000000	98.603	125.6201
138.000000	98.540	125.3456
140.000000	98.478	125.0806
143.000000	98.384	124.6994
145.000000	98.323	124.4464
147.500000	98.248	124.1314
150.000000	98.173	123.8436
152.500000	98.099	123.6022
155.000000	98.029	123.3934
157.500000	97.962	123.2009
160.000000	97.898	123.0330
162.500000	97.833	122.8881
165.000000	97.766	122.7989
167.500000	97.696	122.7810
170.000000	97.618	122.9062
172.500000	97.528	123.3270
175.000000	97.458	124.5579
177.500000	97.636	127.3782
180.000000	98.486	129.9304
182.500000	99.497	125.6599
185.000000	99.465	117.3059
187.500000	98.746	113.2396
190.000000	98.152	112.6640
192.500000	97.804	112.9658
195.000000	97.594	113.3216
197.500000	97.452	113.6036
200.000000	97.346	113.8042
203.000000	97.249	113.9382
206.000000	97.172	113.9673
209.000000	97.109	113.9301
212.000000	97.055	113.8500
214.000000	97.021	113.7765
218.000000	96.961	113.5760
220.000000	96.935	113.4496
224.000000	96.885	113.1886
227.000000	96.850	112.9972
230.000000	96.818	112.8034
233.000000	96.793	112.6218
236.000000	96.785	112.4623
240.000000	96.822	111.9767
243.000000	96.835	111.0421
247.000000	96.706	109.4951
250.000000	96.509	109.1548
254.000000	96.347	109.6413
258.000000	96.282	109.9213
262.000000	96.240	110.0615
265.000000	96.218	110.1562
269.000000	96.206	110.2579
272.000000	96.209	110.2917
276.000000	96.225	110.2502
280.000000	96.248	110.1053
285.000000	96.275	109.8029
290.000000	96.295	109.4069
295.000000	96.306	108.9609
300.000000	96.313	108.4953
304.000000	96.315	108.1271
307.000000	96.315	107.8577
311.000000	96.314	107.5004
315.000000	96.313	107.1462
320.000000	96.313	106.7100
325.000000	96.312	106.2805
330.000000	96.311	105.8566
335.000000	96.311	105.4325
340.000000	96.312	105.0104
345.000000	96.314	104.5947
350.000000	96.316	104.1859
355.000000	96.319	103.7807
360.000000	96.322	103.3771
365.000000	96.326	102.9740
370.000000	96.331	102.5752
375.000000	96.337	102.1837
382.000000	96.345	101.6479
387.000000	96.352	101.2667
395.000000	96.364	100.6595
400.000000	96.372	100.2787
406.000000	96.384	99.8301
412.000000	96.397	99.3882
418.000000	96.410	98.9505
425.000000	96.427	98.4361
431.000000	96.442	97.9949
437.000000	96.457	97.5598
444.000000	96.477	97.0554
450.000000	96.494	96.6211
455.000000	96.509	96.2547
462.000000	96.529	95.7389
468.000000	96.546	95.2873
475.000000	96.562	94.7408
482.000000	96.569	94.2193
487.000000	96.576	93.9091
494.000000	96.596	93.4846
500.000000	96.616	93.0573
508.000000	96.636	92.4561
515.000000	96.646	91.9288
522.000000	96.650	91.4007
530.000000	96.642	90.8245
538.000000	96.619	90.3586
545.000000	96.597	90.1403
552.000000	96.600	90.0843
560.000000	96.641	89.9706
570.000000	96.709	89.5459
580.000000	96.760	88.9795
590.000000	96.796	88.4131
600.000000	96.827	87.8756
608.000000	96.849	87.4629
615.000000	96.868	87.1094
622.000000	96.885	86.7621
630.000000	96.904	86.3734
640.000000	96.926	85.9052
650.000000	96.946	85.4551
660.000000	96.963	85.0226
670.000000	96.978	84.6113
680.000000	96.991	84.2332
690.000000	97.002	83.8914
700.000000	97.011	83.5887
710.000000	97.020	83.3293
720.000000	97.031	83.1142
730.000000	97.044	82.9435
740.000000	97.061	82.8105
750.000000	97.084	82.7051
762.000000	97.119	82.6036
775.000000	97.165	82.5012
788.000000	97.219	82.3875
800.000000	97.272	82.2700
812.000000	97.327	82.1397
825.000000	97.388	81.9909
838.000000	97.448	81.8441
850.000000	97.504	81.7125
862.000000	97.561	81.5878
875.000000	97.624	81.4614
885.000000	97.674	81.3729
900.000000	97.750	81.2566
912.000000	97.813	81.1725
925.000000	97.885	81.0905
938.000000	97.959	81.0160
950.000000	98.029	80.9507
962.000000	98.103	80.8844
975.000000	98.185	80.8058
988.000000	98.271	80.7167
1000.000000	98.352	80.6288
1015.000000	98.457	80.5041
1030.000000	98.564	80.3553
1044.000000	98.666	80.1996
1060.000000	98.785	80.0014
1075.000000	98.897	79.7898
1090.000000	99.009	79.5508
1106.000000	99.129	79.2636
1120.000000	99.234	78.9888
1138.000000	99.367	78.6036
1150.000000	99.454	78.3277
1172.000000	99.610	77.7860
1180.000000	99.665	77.5793
1206.000000	99.839	76.8738
1220.000000	99.929	76.4781
1241.000000	100.058	75.8690
1250.000000	100.111	75.6025
1265.000000	100.197	75.1530
1280.000000	100.279	74.6984
1315.000000	100.459	73.6379
1320.000000	100.484	73.4877
1340.000000	100.578	72.8907
1360.000000	100.667	72.3009
1380.000000	100.751	71.7227
1400.000000	100.832	71.1596
1430.000000	100.945	70.3413
1450.000000	101.017	69.8177
1475.000000	101.103	69.1867
1500.000000	101.186	68.5837
1525.000000	101.266	68.0058
1550.000000	101.345	67.4520
1575.000000	101.422	66.9225
1600.000000	101.499	66.4120
1625.000000	101.574	65.9196
1650.000000	101.650	65.4424
1675.000000	101.725	64.9818
1700.000000	101.800	64.5375
1725.000000	101.877	64.1035
1750.000000	101.954	63.6795
1775.000000	102.032	63.2638
1800.000000	102.111	62.8498
1825.000000	102.191	62.4388
1850.000000	102.272	62.0296
1875.000000	102.354	61.6188
1900.000000	102.437	61.2056
1925.000000	102.521	60.7868
1950.000000	102.606	60.3599
1975.000000	102.693	59.9241
2000.000000	102.780	59.4760
2030.000000	102.886	58.9187
2060.000000	102.994	58.3389
2090.000000	103.102	57.7314
2120.000000	103.211	57.0909
2140.000000	103.284	56.6444
2180.000000	103.428	55.7060
2200.000000	103.499	55.2120
2240.000000	103.640	54.1672
2270.000000	103.742	53.3297
2300.000000	103.840	52.4457
2330.000000	103.931	51.5260
2360.000000	104.016	50.5855
2400.000000	104.123	49.3022
2430.000000	104.200	48.3034
2470.000000	104.295	46.9065
2500.000000	104.359	45.8101
2540.000000	104.431	44.2933
2580.000000	104.488	42.7237
2620.000000	104.529	41.1154
2650.000000	104.549	39.8937
2690.000000	104.560	38.2502
2720.000000	104.559	37.0078
2760.000000	104.542	35.3356
2800.000000	104.506	33.6412
2850.000000	104.429	31.5331
2900.000000	104.318	29.5010
2950.000000	104.176	27.5599
3000.000000	104.004	25.7484
3040.000000	103.850	24.4117
3070.000000	103.725	23.4800
3110.000000	103.548	22.3351
3150.000000	103.362	21.3041
3200.000000	103.118	20.1826
3250.000000	102.863	19.2548
3300.000000	102.601	18.5262
3350.000000	102.335	18.0068
3400.000000	102.070	17.7058
3450.000000	101.812	17.6268
3500.000000	101.565	17.7600
3550.000000	101.336	18.0894
3600.000000	101.129	18.6062
3650.000000	100.954	19.2787
3700.000000	100.816	20.0294
3750.000000	100.713	20.7712
3820.000000	100.611	21.7065
3870.000000	100.558	22.2958
3950.000000	100.502	23.1338
4000.000000	100.484	23.6018
4060.000000	100.481	24.0909
4120.000000	100.495	24.4706
4180.000000	100.523	24.7137
4250.000000	100.564	24.8134
4310.000000	100.600	24.7552
4370.000000	100.633	24.5808
4440.000000	100.666	24.2506
4500.000000	100.686	23.8778
4550.000000	100.699	23.5142
4620.000000	100.706	22.9366
4680.000000	100.705	22.3883
4750.000000	100.692	21.6991
4820.000000	100.669	20.9733
4870.000000	100.647	20.4406
4940.000000	100.611	19.6757
5000.000000	100.576	18.9786
5080.000000	100.517	17.9379
5150.000000	100.440	16.9856
5220.000000	100.344	16.0869
5300.000000	100.224	15.1295
5380.000000	100.098	14.2041
5450.000000	99.983	13.3910
5520.000000	99.861	12.5549
5600.000000	99.708	11.5636
5700.000000	99.489	10.2942
5800.000000	99.234	9.0370
5900.000000	98.939	7.8542
6000.000000	98.607	6.8169
6080.000000	98.316	6.1321
6150.000000	98.047	5.6635
6220.000000	97.765	5.3325
6300.000000	97.433	5.1329
6400.000000	97.006	5.1655
6500.000000	96.570	5.5798
6600.000000	96.158	6.5197
6700.000000	95.825	7.6724
6800.000000	95.529	8.5483
6900.000000	95.216	9.3406
7000.000000	94.886	10.1665
7100.000000	94.519	11.1013
7200.000000	94.126	12.5780
7300.000000	93.774	14.4746
7400.000000	93.455	16.5168
7500.000000	93.150	18.7844
7620.000000	92.813	21.9476
7750.000000	92.525	26.0466
7880.000000	92.371	30.6965
8000.000000	92.379	35.2167
8120.000000	92.540	39.6597
8250.000000	92.874	44.0972
8380.000000	93.355	47.9766
8500.000000	93.916	50.9469
8620.000000	94.580	53.2249
8750.000000	95.406	54.7997
8850.000000	96.111	55.2873
9000.000000	97.265	54.6002
9120.000000	98.242	52.5999
9250.000000	99.301	48.7409
9380.000000	100.276	43.0177
9500.000000	101.016	36.2225
9620.000000	101.532	28.3938
9750.000000	101.803	19.4530
9880.000000	101.804	10.8083
10000.000000	101.635	3.5609
10150.000000	101.322	-4.3350
10300.000000	101.016	-11.2488
10440.000000	100.790	-17.3662
10600.000000	100.590	-24.6567
10750.000000	100.376	-32.1965
10900.000000	100.023	-40.3465
11060.000000	99.403	-49.0505
11200.000000	98.650	-55.8766
11380.000000	97.515	-62.7000
11500.000000	96.757	-65.9111
11720.000000	95.566	-69.6768
11800.000000	95.227	-70.6517
12060.000000	94.475	-73.6702
12200.000000	94.255	-75.6418
12410.000000	94.134	-79.6339
12500.000000	94.136	-81.9478
12650.000000	94.149	-86.7144
12800.000000	94.119	-92.4862
13150.000000	93.704	-108.3430
13200.000000	93.605	-110.7284
13400.000000	93.150	-120.2869
13600.000000	92.690	-129.8512
13800.000000	92.356	-139.9417
14000.000000	92.213	-151.8242
14300.000000	91.910	-175.9391
14500.000000	90.986	164.9835
14750.000000	88.825	143.9521
15000.000000	86.585	128.6821
15250.000000	85.193	114.9620
15500.000000	84.544	98.5835
15750.000000	84.133	78.3160
16000.000000	83.520	54.9866
16250.000000	82.465	30.5823
16500.000000	80.990	7.1187
16750.000000	79.257	-14.2937
17000.000000	77.460	-33.4553
17250.000000	75.769	-50.6243
17500.000000	74.330	-66.3751
17750.000000	73.439	-81.0146
18000.000000	73.974	-97.5755
18250.000000	75.318	-124.8618
18500.000000	75.902	-162.0883
18750.000000	75.733	154.3566
19000.000000	74.978	104.7969
19250.000000	73.615	48.6069
19500.000000	71.484	-14.5406
19750.000000	68.648	-87.2151
20000.000000	66.151	-163.4911
