* Measurement data measured by REW V5.31.3
* Source: USB-C to 3.5mm Headphone Jack Adapter, USB-C to 3.5mm Headphone Jack Adapter, 0, volume: 0.264
* Format: 512k Log Swept Sine, 1 sweep at -12.0 dBFS with no timing reference
* Dated: May 18, 2025 3:38:44 PM
* REW Settings:
*  C-weighting compensation: Off
*  Target level: 75.0 dB
* Note: ; 
* Measurement: L White (S)
* Smoothing: 1/24 octave
* Frequency Step: 1/48 octave
* Start Frequency: 20.000 Hz
*
* Freq(Hz)	SPL(dB)	Phase(degrees)
20.000000	105.282	-164.8195
20.299999	105.287	-165.5703
20.600000	105.292	-166.3256
20.900000	105.297	-167.0959
21.200001	105.298	-167.8828
21.400000	105.295	-168.4099
21.799999	105.277	-169.4325
22.000000	105.262	-169.9083
22.400000	105.230	-170.7540
22.700001	105.210	-171.2960
23.000000	105.199	-171.7867
23.299999	105.200	-172.2670
23.600000	105.208	-172.7740
24.000000	105.222	-173.5208
24.299999	105.228	-174.1226
24.700001	105.225	-174.9322
25.000000	105.216	-175.5129
25.400000	105.200	-176.2314
25.799999	105.187	-176.9003
26.200001	105.177	-177.5528
26.500000	105.171	-178.0465
26.900000	105.162	-178.7147
27.200001	105.153	-179.2189
27.600000	105.137	-179.8864
28.000000	105.118	179.4588
28.500000	105.092	178.6658
29.000000	105.063	177.9069
29.500000	105.035	177.1783
30.000000	105.010	176.4635
30.400000	104.990	175.8913
30.700001	104.975	175.4621
31.100000	104.953	174.8954
31.500000	104.930	174.3415
32.000000	104.902	173.6680
32.500000	104.875	173.0062
33.000000	104.847	172.3505
33.500000	104.817	171.7083
34.000000	104.785	171.0902
34.500000	104.754	170.4968
35.000000	104.723	169.9184
35.500000	104.692	169.3479
36.000000	104.660	168.7872
36.500000	104.627	168.2427
37.000000	104.595	167.7144
37.500000	104.564	167.1917
38.200001	104.522	166.4472
38.700001	104.488	165.9113
39.500000	104.428	165.0958
40.000000	104.391	164.6236
40.599998	104.351	164.0713
41.200001	104.312	163.5107
41.799999	104.272	162.9481
42.500000	104.224	162.3124
43.099998	104.183	161.7817
43.700001	104.143	161.2529
44.400002	104.095	160.6455
45.000000	104.052	160.1455
45.500000	104.018	159.7429
46.200001	103.971	159.1909
46.799999	103.933	158.7199
47.500000	103.889	158.1613
48.200001	103.841	157.5969
48.700001	103.804	157.2105
49.400002	103.749	156.7190
50.000000	103.707	156.3331
50.799999	103.657	155.8104
51.500000	103.611	155.3262
52.200001	103.561	154.8482
53.000000	103.503	154.3409
53.799999	103.448	153.8532
54.500000	103.403	153.4138
55.200001	103.356	152.9617
56.000000	103.300	152.4453
57.000000	103.225	151.8254
58.000000	103.147	151.2805
59.000000	103.080	150.7955
60.000000	103.020	150.2836
60.799999	102.969	149.8575
61.500000	102.923	149.4918
62.200001	102.876	149.1359
63.000000	102.821	148.7487
64.000000	102.754	148.2864
65.000000	102.689	147.8104
66.000000	102.620	147.3548
67.000000	102.557	146.9089
68.000000	102.493	146.4162
69.000000	102.422	145.9400
70.000000	102.351	145.5087
71.000000	102.283	145.1028
72.000000	102.218	144.7253
73.000000	102.159	144.3554
74.000000	102.101	143.9920
75.000000	102.045	143.6353
76.199997	101.977	143.2211
77.500000	101.904	142.7708
78.800003	101.825	142.3197
80.000000	101.752	141.9332
81.199997	101.679	141.5487
82.500000	101.602	141.1598
83.800003	101.529	140.7843
85.000000	101.462	140.4317
86.199997	101.394	140.0945
87.500000	101.321	139.7536
88.500000	101.266	139.4962
90.000000	101.185	139.1075
91.199997	101.122	138.7996
92.500000	101.054	138.4733
93.800003	100.988	138.1627
95.000000	100.928	137.8728
96.199997	100.865	137.5905
97.500000	100.798	137.3099
98.800003	100.732	137.0386
100.000000	100.673	136.7885
101.500000	100.601	136.4720
103.000000	100.529	136.1653
104.400002	100.464	135.8876
106.000000	100.390	135.5768
107.500000	100.318	135.3138
109.000000	100.249	135.0679
110.599998	100.178	134.8029
112.000000	100.115	134.5660
113.800003	100.035	134.2672
115.000000	99.983	134.0738
117.199997	99.890	133.7240
118.000000	99.856	133.5980
120.599998	99.746	133.2269
122.000000	99.691	133.0549
124.099998	99.610	132.7751
125.000000	99.574	132.6552
126.500000	99.513	132.4726
128.000000	99.452	132.3054
131.500000	99.315	131.9600
132.000000	99.295	131.9116
134.000000	99.218	131.7225
136.000000	99.138	131.5536
138.000000	99.056	131.4325
140.000000	98.974	131.3705
143.000000	98.859	131.4269
145.000000	98.798	131.5933
147.500000	98.760	131.9032
150.000000	98.770	132.0736
152.500000	98.794	131.8742
155.000000	98.791	131.4375
157.500000	98.758	130.9746
160.000000	98.705	130.6071
162.500000	98.647	130.3503
165.000000	98.589	130.1915
167.500000	98.536	130.1412
170.000000	98.492	130.2280
172.500000	98.463	130.5197
175.000000	98.481	131.1564
177.500000	98.646	132.2563
180.000000	99.153	132.9411
182.500000	99.865	129.7488
185.000000	99.882	122.1771
187.500000	99.022	118.2161
190.000000	98.280	119.1899
192.500000	97.951	120.8420
195.000000	97.819	121.9051
197.500000	97.747	122.5138
200.000000	97.693	122.8712
203.000000	97.637	123.1150
206.000000	97.586	123.2426
209.000000	97.539	123.2888
212.000000	97.495	123.2880
214.000000	97.466	123.2708
218.000000	97.411	123.1979
220.000000	97.385	123.1456
224.000000	97.336	123.0182
227.000000	97.302	122.8966
230.000000	97.269	122.7459
233.000000	97.236	122.5468
236.000000	97.198	122.2379
240.000000	97.085	121.5889
243.000000	96.921	121.6370
247.000000	96.847	122.9617
250.000000	96.897	123.3689
254.000000	96.991	123.3766
258.000000	97.025	122.6635
262.000000	96.984	122.1855
265.000000	96.951	121.9818
269.000000	96.914	121.7669
272.000000	96.889	121.6233
276.000000	96.859	121.4433
280.000000	96.830	121.2684
285.000000	96.794	121.0533
290.000000	96.760	120.8405
295.000000	96.727	120.6297
300.000000	96.692	120.4375
304.000000	96.665	120.2897
307.000000	96.645	120.1863
311.000000	96.618	120.0601
315.000000	96.592	119.9444
320.000000	96.559	119.8235
325.000000	96.527	119.7294
330.000000	96.498	119.6656
335.000000	96.472	119.6341
340.000000	96.450	119.6353
345.000000	96.435	119.6596
350.000000	96.427	119.6902
355.000000	96.426	119.7136
360.000000	96.431	119.7229
365.000000	96.442	119.7094
370.000000	96.455	119.6710
375.000000	96.470	119.6055
382.000000	96.491	119.4766
387.000000	96.505	119.3628
395.000000	96.524	119.1646
400.000000	96.536	119.0377
406.000000	96.549	118.8835
412.000000	96.561	118.7317
418.000000	96.571	118.5876
425.000000	96.583	118.4263
431.000000	96.594	118.2954
437.000000	96.605	118.1740
444.000000	96.618	118.0403
450.000000	96.631	117.9385
455.000000	96.641	117.8587
462.000000	96.658	117.7463
468.000000	96.672	117.6553
475.000000	96.691	117.5544
482.000000	96.710	117.4550
487.000000	96.724	117.3878
494.000000	96.744	117.3052
500.000000	96.762	117.2467
508.000000	96.791	117.1846
515.000000	96.819	117.1220
522.000000	96.849	117.0446
530.000000	96.887	116.9615
538.000000	96.936	116.8595
545.000000	96.988	116.6871
552.000000	97.038	116.3325
560.000000	97.057	115.7111
570.000000	97.003	115.1525
580.000000	96.944	115.1627
590.000000	96.928	115.3477
600.000000	96.937	115.4907
608.000000	96.949	115.5669
615.000000	96.961	115.6205
622.000000	96.973	115.6686
630.000000	96.986	115.7213
640.000000	97.001	115.7891
650.000000	97.015	115.8658
660.000000	97.028	115.9548
670.000000	97.040	116.0610
680.000000	97.051	116.1839
690.000000	97.061	116.3283
700.000000	97.071	116.4934
710.000000	97.079	116.6780
720.000000	97.085	116.8875
730.000000	97.092	117.1272
740.000000	97.097	117.4027
750.000000	97.104	117.7208
762.000000	97.112	118.1578
775.000000	97.126	118.6983
788.000000	97.148	119.2963
800.000000	97.178	119.8893
812.000000	97.217	120.5046
825.000000	97.269	121.1647
838.000000	97.329	121.8072
850.000000	97.390	122.3827
862.000000	97.453	122.9345
875.000000	97.523	123.5133
885.000000	97.578	123.9532
900.000000	97.663	124.6075
912.000000	97.731	125.1277
925.000000	97.807	125.6892
938.000000	97.885	126.2510
950.000000	97.958	126.7654
962.000000	98.034	127.2747
975.000000	98.118	127.8223
988.000000	98.204	128.3656
1000.000000	98.285	128.8582
1015.000000	98.390	129.4568
1030.000000	98.497	130.0400
1044.000000	98.598	130.5664
1060.000000	98.715	131.1413
1075.000000	98.826	131.6533
1090.000000	98.938	132.1401
1106.000000	99.056	132.6301
1120.000000	99.159	133.0362
1138.000000	99.289	133.5257
1150.000000	99.374	133.8321
1172.000000	99.526	134.3610
1180.000000	99.580	134.5427
1206.000000	99.749	135.1017
1220.000000	99.836	135.3875
1241.000000	99.962	135.7985
1250.000000	100.013	135.9695
1265.000000	100.096	136.2508
1280.000000	100.176	136.5289
1315.000000	100.349	137.1762
1320.000000	100.372	137.2691
1340.000000	100.461	137.6445
1360.000000	100.545	138.0309
1380.000000	100.623	138.4299
1400.000000	100.698	138.8411
1430.000000	100.803	139.4863
1450.000000	100.869	139.9373
1475.000000	100.946	140.5294
1500.000000	101.020	141.1525
1525.000000	101.091	141.8002
1550.000000	101.160	142.4721
1575.000000	101.226	143.1680
1600.000000	101.291	143.8902
1625.000000	101.355	144.6356
1650.000000	101.418	145.3981
1675.000000	101.480	146.1781
1700.000000	101.543	146.9748
1725.000000	101.605	147.7860
1750.000000	101.668	148.6123
1775.000000	101.730	149.4482
1800.000000	101.794	150.2917
1825.000000	101.858	151.1426
1850.000000	101.922	151.9986
1875.000000	101.987	152.8602
1900.000000	102.053	153.7282
1925.000000	102.120	154.5981
1950.000000	102.189	155.4642
1975.000000	102.260	156.3214
2000.000000	102.331	157.1654
2030.000000	102.417	158.1616
2060.000000	102.503	159.1384
2090.000000	102.589	160.0956
2120.000000	102.673	161.0355
2140.000000	102.730	161.6517
2180.000000	102.841	162.8539
2200.000000	102.896	163.4376
2240.000000	103.004	164.5659
2270.000000	103.083	165.3750
2300.000000	103.159	166.1520
2330.000000	103.229	166.8990
2360.000000	103.295	167.6222
2400.000000	103.373	168.5774
2430.000000	103.428	169.2929
2470.000000	103.500	170.2158
2500.000000	103.552	170.8690
2540.000000	103.612	171.6835
2580.000000	103.661	172.4434
2620.000000	103.697	173.1639
2650.000000	103.715	173.6856
2690.000000	103.725	174.3648
2720.000000	103.724	174.8687
2760.000000	103.709	175.5388
2800.000000	103.679	176.2161
2850.000000	103.622	177.0841
2900.000000	103.543	177.9905
2950.000000	103.443	178.9577
3000.000000	103.321	179.9994
3040.000000	103.210	-179.1034
3070.000000	103.120	-178.3856
3110.000000	102.992	-177.3771
3150.000000	102.855	-176.3175
3200.000000	102.668	-174.8900
3250.000000	102.468	-173.3337
3300.000000	102.256	-171.6443
3350.000000	102.035	-169.8064
3400.000000	101.804	-167.8083
3450.000000	101.567	-165.6288
3500.000000	101.328	-163.2421
3550.000000	101.094	-160.6325
3600.000000	100.873	-157.8037
3650.000000	100.673	-154.7829
3700.000000	100.501	-151.6089
3750.000000	100.359	-148.3289
3820.000000	100.217	-143.6564
3870.000000	100.155	-140.3354
3950.000000	100.116	-135.1940
4000.000000	100.122	-132.1440
4060.000000	100.150	-128.6818
4120.000000	100.191	-125.4766
4180.000000	100.230	-122.5436
4250.000000	100.256	-119.3991
4310.000000	100.253	-116.8575
4370.000000	100.224	-114.3849
4440.000000	100.164	-111.5257
4500.000000	100.092	-109.0688
4550.000000	100.018	-107.0085
4620.000000	99.895	-104.0891
4680.000000	99.771	-101.5297
4750.000000	99.608	-98.4405
4820.000000	99.429	-95.2104
4870.000000	99.295	-92.8034
4940.000000	99.100	-89.2804
5000.000000	98.932	-86.1022
5080.000000	98.719	-81.6244
5150.000000	98.553	-77.5182
5220.000000	98.415	-73.3052
5300.000000	98.293	-68.4496
5380.000000	98.205	-63.6232
5450.000000	98.153	-59.4816
5520.000000	98.119	-55.4566
5600.000000	98.094	-51.0326
5700.000000	98.069	-45.8058
5800.000000	98.029	-40.9220
5900.000000	97.954	-36.3042
6000.000000	97.830	-31.8310
6080.000000	97.692	-28.2640
6150.000000	97.544	-25.0893
6220.000000	97.375	-21.8216
6300.000000	97.163	-17.9368
6400.000000	96.881	-12.8292
6500.000000	96.598	-7.4658
6600.000000	96.321	-1.9766
6700.000000	96.037	3.6129
6800.000000	95.745	9.3940
6900.000000	95.451	15.3694
7000.000000	95.158	21.5194
7100.000000	94.854	27.8467
7200.000000	94.544	34.6301
7300.000000	94.278	41.8328
7400.000000	94.057	49.2114
7500.000000	93.878	56.7684
7620.000000	93.722	66.0090
7750.000000	93.629	76.2763
7880.000000	93.637	86.7734
8000.000000	93.756	96.5580
8120.000000	93.994	106.2554
8250.000000	94.391	116.4377
8380.000000	94.923	126.0496
8500.000000	95.522	134.2434
8620.000000	96.210	141.6751
8750.000000	97.042	148.7381
8850.000000	97.732	153.3559
9000.000000	98.816	158.7032
9120.000000	99.678	161.4173
9250.000000	100.530	162.6857
9380.000000	101.206	162.3845
9500.000000	101.605	161.1722
9620.000000	101.764	159.7209
9750.000000	101.700	158.5990
9880.000000	101.473	158.4409
10000.000000	101.207	159.2413
10150.000000	100.898	161.2086
10300.000000	100.665	163.6415
10440.000000	100.508	165.7621
10600.000000	100.333	167.6763
10750.000000	100.114	168.9720
10900.000000	99.780	169.9341
11060.000000	99.251	171.1985
11200.000000	98.670	173.1060
11380.000000	97.877	177.0498
11500.000000	97.384	-179.5124
11720.000000	96.629	-171.8794
11800.000000	96.436	-168.7230
12060.000000	96.249	-158.9836
12200.000000	96.349	-155.2065
12410.000000	96.534	-152.0706
12500.000000	96.570	-151.5558
12650.000000	96.518	-151.4692
12800.000000	96.308	-151.8819
13150.000000	95.365	-152.1130
13200.000000	95.220	-151.9507
13400.000000	94.740	-151.1285
13600.000000	94.536	-151.4464
13800.000000	94.509	-155.4360
14000.000000	94.123	-164.1041
14300.000000	91.817	-177.6840
14500.000000	89.583	179.6166
14750.000000	87.334	-177.7914
15000.000000	86.116	-175.2206
15250.000000	85.512	-176.1001
15500.000000	85.053	179.3884
15750.000000	84.412	172.5065
16000.000000	83.535	165.0732
16250.000000	82.471	157.6855
16500.000000	81.239	150.9582
16750.000000	79.918	145.2500
17000.000000	78.604	140.5275
17250.000000	77.396	136.5159
17500.000000	76.430	132.6048
17750.000000	75.888	127.2853
18000.000000	75.834	118.0272
18250.000000	76.044	102.5561
18500.000000	76.170	80.1164
18750.000000	76.168	50.6899
19000.000000	76.155	12.4929
19250.000000	75.522	-36.3318
19500.000000	73.643	-94.4287
19750.000000	70.702	-162.4084
20000.000000	67.981	124.0616
