* Measurement data measured by REW V5.31.3
* Source: USB-C to 3.5mm Headphone Jack Adapter, USB-C to 3.5mm Headphone Jack Adapter, 0, volume: 0.264
* Format: 512k Log Swept Sine, 1 sweep at -12.0 dBFS with no timing reference
* Dated: May 18, 2025 3:43:07 PM
* REW Settings:
*  C-weighting compensation: Off
*  Target level: 75.0 dB
* Note: ; 
* Measurement: R Grey/Red (M)
* Smoothing: 1/24 octave
* Frequency Step: 1/48 octave
* Start Frequency: 20.000 Hz
*
* Freq(Hz)	SPL(dB)	Phase(degrees)
20.000000	104.878	-166.6818
20.299999	104.873	-167.4555
20.600000	104.863	-168.1680
20.900000	104.854	-168.8020
21.200001	104.854	-169.3734
21.400000	104.861	-169.7427
21.799999	104.892	-170.5304
22.000000	104.911	-170.9765
22.400000	104.944	-171.9924
22.700001	104.952	-172.8283
23.000000	104.943	-173.6673
23.299999	104.918	-174.4526
23.600000	104.883	-175.1473
24.000000	104.837	-175.9286
24.299999	104.811	-176.4405
24.700001	104.787	-177.0966
25.000000	104.775	-177.6033
25.400000	104.760	-178.3105
25.799999	104.742	-179.0339
26.200001	104.720	-179.7493
26.500000	104.704	179.7232
26.900000	104.684	179.0252
27.200001	104.669	178.5014
27.600000	104.647	177.8052
28.000000	104.624	177.1213
28.500000	104.595	176.2939
29.000000	104.568	175.4891
29.500000	104.543	174.6938
30.000000	104.515	173.9139
30.400000	104.491	173.3134
30.700001	104.473	172.8803
31.100000	104.450	172.3226
31.500000	104.428	171.7791
32.000000	104.403	171.1064
32.500000	104.376	170.4373
33.000000	104.347	169.7774
33.500000	104.316	169.1332
34.000000	104.283	168.5055
34.500000	104.251	167.8890
35.000000	104.218	167.2763
35.500000	104.185	166.6629
36.000000	104.149	166.0533
36.500000	104.110	165.4600
37.000000	104.072	164.8943
37.500000	104.035	164.3544
38.200001	103.989	163.6111
38.700001	103.958	163.0715
39.500000	103.906	162.2071
40.000000	103.870	161.6827
40.599998	103.827	161.0711
41.200001	103.782	160.4788
41.799999	103.736	159.9178
42.500000	103.686	159.2935
43.099998	103.646	158.7424
43.700001	103.603	158.1666
44.400002	103.546	157.5187
45.000000	103.497	157.0075
45.500000	103.461	156.5876
46.200001	103.410	155.9801
46.799999	103.364	155.4697
47.500000	103.311	154.9200
48.200001	103.265	154.3820
48.700001	103.234	153.9825
49.400002	103.187	153.4167
50.000000	103.143	152.9482
50.799999	103.085	152.3517
51.500000	103.032	151.8528
52.200001	102.979	151.3792
53.000000	102.921	150.8610
53.799999	102.864	150.3512
54.500000	102.815	149.9085
55.200001	102.768	149.4705
56.000000	102.715	148.9660
57.000000	102.648	148.3195
58.000000	102.577	147.6935
59.000000	102.506	147.0907
60.000000	102.432	146.5181
60.799999	102.375	146.1078
61.500000	102.331	145.7483
62.200001	102.288	145.3595
63.000000	102.234	144.8984
64.000000	102.160	144.3640
65.000000	102.092	143.8868
66.000000	102.033	143.3553
67.000000	101.961	142.7839
68.000000	101.884	142.3085
69.000000	101.816	141.8628
70.000000	101.746	141.4393
71.000000	101.685	141.0435
72.000000	101.625	140.6040
73.000000	101.559	140.1914
74.000000	101.497	139.8152
75.000000	101.440	139.4204
76.199997	101.371	138.9196
77.500000	101.290	138.3729
78.800003	101.210	137.8692
80.000000	101.136	137.4099
81.199997	101.063	137.0016
82.500000	100.991	136.5776
83.800003	100.920	136.1399
85.000000	100.852	135.7457
86.199997	100.783	135.3742
87.500000	100.710	134.9799
88.500000	100.654	134.6863
90.000000	100.574	134.2448
91.199997	100.512	133.8775
92.500000	100.444	133.4803
93.800003	100.376	133.1108
95.000000	100.315	132.7895
96.199997	100.256	132.4725
97.500000	100.190	132.1367
98.800003	100.125	131.8145
100.000000	100.066	131.5170
101.500000	99.994	131.1428
103.000000	99.923	130.7745
104.400002	99.858	130.4417
106.000000	99.785	130.0720
107.500000	99.717	129.7316
109.000000	99.650	129.4113
110.599998	99.583	129.0653
112.000000	99.522	128.7537
113.800003	99.444	128.3986
115.000000	99.395	128.1786
117.199997	99.310	127.7455
118.000000	99.279	127.5787
120.599998	99.170	127.0685
122.000000	99.113	126.8428
124.099998	99.037	126.4981
125.000000	99.006	126.3387
126.500000	98.953	126.0669
128.000000	98.900	125.7976
131.500000	98.774	125.1925
132.000000	98.756	125.1114
134.000000	98.685	124.7974
136.000000	98.617	124.5009
138.000000	98.550	124.2236
140.000000	98.485	123.9653
143.000000	98.390	123.5830
145.000000	98.329	123.3178
147.500000	98.253	122.9780
150.000000	98.178	122.6527
152.500000	98.104	122.3550
155.000000	98.030	122.0735
157.500000	97.954	121.8038
160.000000	97.876	121.5361
162.500000	97.795	121.2831
165.000000	97.706	121.0847
167.500000	97.599	120.9791
170.000000	97.466	121.0274
172.500000	97.287	121.4133
175.000000	97.072	122.9573
177.500000	97.133	127.3994
180.000000	98.220	133.1176
182.500000	99.717	129.7199
185.000000	99.933	119.4372
187.500000	99.194	113.3597
190.000000	98.476	111.7406
192.500000	98.019	111.6805
195.000000	97.738	111.9562
197.500000	97.552	112.2511
200.000000	97.422	112.4836
203.000000	97.308	112.6636
206.000000	97.226	112.7583
209.000000	97.162	112.7845
212.000000	97.108	112.7460
214.000000	97.076	112.6770
218.000000	97.020	112.4564
220.000000	96.995	112.3253
224.000000	96.949	112.0339
227.000000	96.918	111.7855
230.000000	96.890	111.5031
233.000000	96.865	111.1852
236.000000	96.840	110.8045
240.000000	96.795	110.1209
243.000000	96.726	109.4719
247.000000	96.532	108.9899
250.000000	96.437	109.8184
254.000000	96.493	110.2232
258.000000	96.533	109.8061
262.000000	96.532	109.3420
265.000000	96.522	109.0187
269.000000	96.503	108.6046
272.000000	96.487	108.3016
276.000000	96.466	107.9030
280.000000	96.442	107.5335
285.000000	96.406	107.1019
290.000000	96.372	106.6843
295.000000	96.339	106.3358
300.000000	96.312	106.0269
304.000000	96.300	105.8112
307.000000	96.297	105.6473
311.000000	96.297	105.4096
315.000000	96.299	105.1468
320.000000	96.304	104.7846
325.000000	96.310	104.3936
330.000000	96.315	103.9774
335.000000	96.320	103.5572
340.000000	96.324	103.1401
345.000000	96.329	102.7119
350.000000	96.333	102.2809
355.000000	96.337	101.8556
360.000000	96.341	101.4314
365.000000	96.345	101.0100
370.000000	96.350	100.5907
375.000000	96.354	100.1749
382.000000	96.361	99.5973
387.000000	96.365	99.1891
395.000000	96.371	98.5556
400.000000	96.375	98.1714
406.000000	96.381	97.7251
412.000000	96.390	97.2965
418.000000	96.400	96.8750
425.000000	96.415	96.3887
431.000000	96.430	95.9728
437.000000	96.447	95.5520
444.000000	96.468	95.0573
450.000000	96.485	94.6292
455.000000	96.501	94.2673
462.000000	96.523	93.7567
468.000000	96.541	93.3134
475.000000	96.561	92.7926
482.000000	96.579	92.2843
487.000000	96.593	91.9227
494.000000	96.613	91.4110
500.000000	96.628	90.9693
508.000000	96.645	90.3752
515.000000	96.656	89.8464
522.000000	96.661	89.3156
530.000000	96.654	88.7328
538.000000	96.632	88.2566
545.000000	96.611	88.0327
552.000000	96.613	87.9814
560.000000	96.656	87.8907
570.000000	96.730	87.4828
580.000000	96.789	86.9037
590.000000	96.834	86.3054
600.000000	96.870	85.7296
608.000000	96.896	85.2867
615.000000	96.917	84.9097
622.000000	96.938	84.5410
630.000000	96.960	84.1268
640.000000	96.987	83.6230
650.000000	97.012	83.1365
660.000000	97.034	82.6673
670.000000	97.055	82.2108
680.000000	97.074	81.7746
690.000000	97.090	81.3588
700.000000	97.105	80.9652
710.000000	97.118	80.5981
720.000000	97.130	80.2577
730.000000	97.140	79.9535
740.000000	97.148	79.6865
750.000000	97.157	79.4594
762.000000	97.169	79.2429
775.000000	97.185	79.0799
788.000000	97.210	78.9829
800.000000	97.241	78.9358
812.000000	97.281	78.9109
825.000000	97.333	78.8885
838.000000	97.393	78.8507
850.000000	97.454	78.7980
862.000000	97.517	78.7326
875.000000	97.588	78.6458
885.000000	97.643	78.5710
900.000000	97.727	78.4568
912.000000	97.795	78.3660
925.000000	97.870	78.2663
938.000000	97.947	78.1666
950.000000	98.021	78.0731
962.000000	98.096	77.9800
975.000000	98.179	77.8770
988.000000	98.265	77.7651
1000.000000	98.346	77.6539
1015.000000	98.450	77.5035
1030.000000	98.557	77.3336
1044.000000	98.658	77.1588
1060.000000	98.775	76.9361
1075.000000	98.886	76.7021
1090.000000	98.997	76.4432
1106.000000	99.115	76.1384
1120.000000	99.218	75.8473
1138.000000	99.349	75.4449
1150.000000	99.435	75.1595
1172.000000	99.588	74.5978
1180.000000	99.642	74.3845
1206.000000	99.811	73.6624
1220.000000	99.898	73.2582
1241.000000	100.022	72.6373
1250.000000	100.074	72.3673
1265.000000	100.157	71.9151
1280.000000	100.237	71.4605
1315.000000	100.411	70.3998
1320.000000	100.435	70.2491
1340.000000	100.526	69.6523
1360.000000	100.612	69.0665
1380.000000	100.694	68.4944
1400.000000	100.771	67.9393
1430.000000	100.881	67.1382
1450.000000	100.951	66.6251
1475.000000	101.036	66.0085
1500.000000	101.117	65.4200
1525.000000	101.195	64.8581
1550.000000	101.272	64.3219
1575.000000	101.348	63.8097
1600.000000	101.423	63.3169
1625.000000	101.499	62.8402
1650.000000	101.574	62.3827
1675.000000	101.648	61.9420
1700.000000	101.724	61.5112
1725.000000	101.799	61.0894
1750.000000	101.876	60.6759
1775.000000	101.953	60.2692
1800.000000	102.031	59.8671
1825.000000	102.111	59.4663
1850.000000	102.192	59.0668
1875.000000	102.274	58.6643
1900.000000	102.357	58.2552
1925.000000	102.441	57.8404
1950.000000	102.525	57.4180
1975.000000	102.611	56.9833
2000.000000	102.698	56.5356
2030.000000	102.803	55.9814
2060.000000	102.909	55.4041
2090.000000	103.015	54.8009
2120.000000	103.122	54.1669
2140.000000	103.192	53.7260
2180.000000	103.332	52.8002
2200.000000	103.401	52.3135
2240.000000	103.536	51.2876
2270.000000	103.632	50.4738
2300.000000	103.723	49.6288
2330.000000	103.808	48.7711
2360.000000	103.891	47.9227
2400.000000	104.009	46.7654
2430.000000	104.099	45.8029
2470.000000	104.208	44.3786
2500.000000	104.277	43.2453
2540.000000	104.352	41.6854
2580.000000	104.409	40.0838
2620.000000	104.448	38.4474
2650.000000	104.464	37.2030
2690.000000	104.470	35.5293
2720.000000	104.460	34.2696
2760.000000	104.430	32.5999
2800.000000	104.381	30.9613
2850.000000	104.299	28.9436
2900.000000	104.183	26.9509
2950.000000	104.034	25.0815
3000.000000	103.860	23.3464
3040.000000	103.705	22.0603
3070.000000	103.581	21.1591
3110.000000	103.405	20.0471
3150.000000	103.218	19.0433
3200.000000	102.971	17.9502
3250.000000	102.712	17.0489
3300.000000	102.446	16.3508
3350.000000	102.175	15.8671
3400.000000	101.905	15.6093
3450.000000	101.641	15.5782
3500.000000	101.391	15.7588
3550.000000	101.156	16.1367
3600.000000	100.943	16.7106
3650.000000	100.761	17.4501
3700.000000	100.615	18.2812
3750.000000	100.506	19.1190
3820.000000	100.401	20.1924
3870.000000	100.350	20.8635
3950.000000	100.293	21.8066
4000.000000	100.271	22.3382
4060.000000	100.262	22.9130
4120.000000	100.270	23.3967
4180.000000	100.291	23.7630
4250.000000	100.327	24.0228
4310.000000	100.362	24.1039
4370.000000	100.395	24.0642
4440.000000	100.427	23.8917
4500.000000	100.449	23.6621
4550.000000	100.463	23.4230
4620.000000	100.477	23.0253
4680.000000	100.482	22.6309
4750.000000	100.481	22.1180
4820.000000	100.474	21.5558
4870.000000	100.466	21.1139
4940.000000	100.447	20.4101
5000.000000	100.416	19.7428
5080.000000	100.351	18.8398
5150.000000	100.276	18.0782
5220.000000	100.190	17.3537
5300.000000	100.083	16.5720
5380.000000	99.971	15.8181
5450.000000	99.869	15.1526
5520.000000	99.762	14.4589
5600.000000	99.627	13.6136
5700.000000	99.431	12.4928
5800.000000	99.192	11.3745
5900.000000	98.909	10.3652
6000.000000	98.586	9.5541
6080.000000	98.305	9.0787
6150.000000	98.047	8.8052
6220.000000	97.779	8.6730
6300.000000	97.465	8.7002
6400.000000	97.063	9.0161
6500.000000	96.651	9.7246
6600.000000	96.261	11.0021
6700.000000	95.951	12.5930
6800.000000	95.692	14.0402
6900.000000	95.446	15.4833
7000.000000	95.219	16.9185
7100.000000	94.984	18.2974
7200.000000	94.737	20.0079
7300.000000	94.531	21.9259
7400.000000	94.346	23.8625
7500.000000	94.168	25.9569
7620.000000	93.978	28.8376
7750.000000	93.843	32.5403
7880.000000	93.844	36.7078
8000.000000	93.996	40.6580
8120.000000	94.294	44.3863
8250.000000	94.764	47.9566
8380.000000	95.379	50.8922
8500.000000	96.066	52.8791
8620.000000	96.858	54.0298
8750.000000	97.824	54.1420
8850.000000	98.632	53.2662
9000.000000	99.908	50.0295
9120.000000	100.917	45.5170
9250.000000	101.892	38.6075
9380.000000	102.625	29.8901
9500.000000	103.008	20.8823
9620.000000	103.096	11.7527
9750.000000	102.922	2.4890
9880.000000	102.578	-5.7170
10000.000000	102.207	-12.3931
10150.000000	101.762	-19.9973
10300.000000	101.359	-27.4697
10440.000000	100.970	-34.8182
10600.000000	100.394	-43.7754
10750.000000	99.622	-52.2366
10900.000000	98.593	-59.8715
11060.000000	97.284	-66.1887
11200.000000	96.078	-69.7997
11380.000000	94.626	-71.9893
11500.000000	93.797	-72.2985
11720.000000	92.653	-71.6335
11800.000000	92.357	-71.2911
12060.000000	91.765	-70.8246
12200.000000	91.630	-71.2410
12410.000000	91.629	-73.1310
12500.000000	91.682	-74.6046
12650.000000	91.783	-78.0514
12800.000000	91.846	-82.6184
13150.000000	91.648	-96.1844
13200.000000	91.577	-98.2986
13400.000000	91.217	-106.8663
13600.000000	90.816	-115.4902
13800.000000	90.503	-124.5294
14000.000000	90.362	-135.1290
14300.000000	90.125	-157.1147
14500.000000	89.295	-175.1396
14750.000000	87.171	164.7284
15000.000000	84.803	151.0281
15250.000000	83.265	140.1978
15500.000000	82.640	127.6517
15750.000000	82.550	111.4379
16000.000000	82.609	91.3239
16250.000000	82.494	68.0767
16500.000000	82.001	43.0842
16750.000000	81.038	17.9379
17000.000000	79.641	-5.7985
17250.000000	78.000	-27.0034
17500.000000	76.419	-45.4597
17750.000000	75.407	-61.5091
18000.000000	76.048	-79.0795
18250.000000	77.545	-107.9939
18500.000000	78.180	-147.2163
18750.000000	77.975	167.1587
19000.000000	77.073	115.7753
19250.000000	75.450	58.3167
19500.000000	72.998	-5.5304
19750.000000	69.820	-77.9075
20000.000000	67.006	-153.5416
