* Measurement data measured by REW V5.31.3
* Source: USB-C to 3.5mm Headphone Jack Adapter, USB-C to 3.5mm Headphone Jack Adapter, 0, volume: 0.264
* Format: 512k Log Swept Sine, 1 sweep at -12.0 dBFS with no timing reference
* Dated: Sep 14, 2025 12:21:34 AM
* REW Settings:
*  C-weighting compensation: Off
*  Target level: 75.0 dB
* Note: ; 
* Measurement: R Letshouer C12 2023 AET07
* Smoothing: 1/24 octave
* Frequency Step: 1/48 octave
* Start Frequency: 20.000 Hz
*
* Freq(Hz)	SPL(dB)	Phase(degrees)
20.000000	95.533	4.3260
20.299999	95.549	3.9342
20.600000	95.555	3.4835
20.900000	95.547	3.0231
21.200001	95.526	2.6059
21.400000	95.510	2.3678
21.799999	95.480	1.9812
22.000000	95.471	1.8114
22.400000	95.465	1.4460
22.700001	95.464	1.1080
23.000000	95.458	0.7135
23.299999	95.442	0.2972
23.600000	95.414	-0.0904
24.000000	95.369	-0.4914
24.299999	95.339	-0.6933
24.700001	95.318	-0.8821
25.000000	95.318	-1.0227
25.400000	95.332	-1.2809
25.799999	95.349	-1.6406
26.200001	95.359	-2.0648
26.500000	95.360	-2.3887
26.900000	95.356	-2.7920
27.200001	95.351	-3.0658
27.600000	95.347	-3.4030
28.000000	95.346	-3.7302
28.500000	95.343	-4.1480
29.000000	95.335	-4.5721
29.500000	95.321	-4.9846
30.000000	95.303	-5.3878
30.400000	95.285	-5.7160
30.700001	95.268	-5.9642
31.100000	95.237	-6.2761
31.500000	95.201	-6.5306
32.000000	95.162	-6.7446
32.500000	95.145	-6.9244
33.000000	95.150	-7.2273
33.500000	95.151	-7.7147
34.000000	95.126	-8.2604
34.500000	95.084	-8.6798
35.000000	95.056	-8.9425
35.500000	95.059	-9.2094
36.000000	95.074	-9.6355
36.500000	95.073	-10.1885
37.000000	95.046	-10.7071
37.500000	95.011	-11.0923
38.200001	94.974	-11.5148
38.700001	94.945	-11.8253
39.500000	94.874	-12.1905
40.000000	94.833	-12.2565
40.599998	94.807	-12.2882
41.200001	94.795	-12.4115
41.799999	94.783	-12.6232
42.500000	94.774	-12.9565
43.099998	94.765	-13.3931
43.700001	94.734	-13.9389
44.400002	94.666	-14.4833
45.000000	94.607	-14.7897
45.500000	94.566	-14.9918
46.200001	94.509	-15.2083
46.799999	94.468	-15.2517
47.500000	94.455	-15.2355
48.200001	94.464	-15.4083
48.700001	94.456	-15.6336
49.400002	94.422	-15.8960
50.000000	94.391	-16.0192
50.799999	94.361	-16.1791
51.500000	94.336	-16.3812
52.200001	94.309	-16.6478
53.000000	94.266	-17.0133
53.799999	94.211	-17.3193
54.500000	94.173	-17.5179
55.200001	94.148	-17.7338
56.000000	94.123	-18.0132
57.000000	94.099	-18.4207
58.000000	94.055	-18.8863
59.000000	93.993	-19.1518
60.000000	93.949	-19.3564
60.799999	93.905	-19.5892
61.500000	93.857	-19.7424
62.200001	93.814	-19.8702
63.000000	93.765	-20.0578
64.000000	93.702	-20.2351
65.000000	93.665	-20.4953
66.000000	93.607	-20.9263
67.000000	93.542	-21.1143
68.000000	93.510	-21.3428
69.000000	93.451	-21.5876
70.000000	93.419	-21.4893
71.000000	93.437	-21.7656
72.000000	93.368	-22.2856
73.000000	93.289	-22.0421
74.000000	93.339	-21.9489
75.000000	93.353	-22.7966
76.199997	93.202	-23.5062
77.500000	93.090	-22.9897
78.800003	93.128	-22.8684
80.000000	93.124	-23.4574
81.199997	93.027	-24.1081
82.500000	92.889	-24.3355
83.800003	92.783	-24.4557
85.000000	92.724	-24.4615
86.199997	92.686	-24.8068
87.500000	92.563	-24.7062
88.500000	92.537	-23.9373
90.000000	92.591	-23.7208
91.199997	92.496	-24.0573
92.500000	92.316	-23.8629
93.800003	92.177	-23.5045
95.000000	92.106	-23.4121
96.199997	92.085	-23.7325
97.500000	92.073	-24.4504
98.800003	92.052	-25.0884
100.000000	92.052	-25.3660
101.500000	92.096	-25.6527
103.000000	92.098	-25.9999
104.400002	92.079	-25.9901
106.000000	92.042	-26.0154
107.500000	91.972	-25.9628
109.000000	91.888	-25.8824
110.599998	91.816	-25.7712
112.000000	91.785	-26.0400
113.800003	91.693	-26.6162
115.000000	91.624	-26.6529
117.199997	91.561	-26.3325
118.000000	91.551	-26.2165
120.599998	91.522	-26.2694
122.000000	91.467	-26.4908
124.099998	91.375	-26.5092
125.000000	91.348	-26.4710
126.500000	91.308	-26.4652
128.000000	91.260	-26.4989
131.500000	91.164	-26.4675
132.000000	91.154	-26.4875
134.000000	91.108	-26.5915
136.000000	91.042	-26.6690
138.000000	90.974	-26.6055
140.000000	90.919	-26.5516
143.000000	90.851	-26.5564
145.000000	90.802	-26.5962
147.500000	90.728	-26.5612
150.000000	90.674	-26.5263
152.500000	90.620	-26.4894
155.000000	90.565	-26.3109
157.500000	90.507	-26.1913
160.000000	90.442	-26.0970
162.500000	90.388	-25.9944
165.000000	90.354	-25.9010
167.500000	90.338	-25.9487
170.000000	90.337	-25.9530
172.500000	90.339	-25.5926
175.000000	90.282	-24.9401
177.500000	90.148	-24.4673
180.000000	90.008	-24.5204
182.500000	89.943	-24.8857
185.000000	89.969	-24.8868
187.500000	89.982	-24.8588
190.000000	89.950	-24.5178
192.500000	89.960	-24.4951
195.000000	89.948	-24.8415
197.500000	89.895	-24.8316
200.000000	89.847	-24.5602
203.000000	89.816	-24.5104
206.000000	89.798	-24.7412
209.000000	89.777	-24.9115
212.000000	89.732	-24.9236
214.000000	89.694	-24.8678
218.000000	89.622	-24.7206
220.000000	89.587	-24.6334
224.000000	89.516	-24.5314
227.000000	89.471	-24.5000
230.000000	89.435	-24.4689
233.000000	89.401	-24.3861
236.000000	89.370	-24.3446
240.000000	89.313	-24.3535
243.000000	89.262	-24.1155
247.000000	89.197	-23.7502
250.000000	89.138	-23.7653
254.000000	89.110	-23.8090
258.000000	89.112	-23.8065
262.000000	89.085	-23.8417
265.000000	89.059	-23.8052
269.000000	89.019	-23.6751
272.000000	88.990	-23.6000
276.000000	88.957	-23.5281
280.000000	88.920	-23.3968
285.000000	88.880	-23.2257
290.000000	88.839	-23.1424
295.000000	88.797	-23.0636
300.000000	88.757	-22.9297
304.000000	88.726	-22.8263
307.000000	88.703	-22.7799
311.000000	88.682	-22.6812
315.000000	88.659	-22.6923
320.000000	88.607	-22.9589
325.000000	88.572	-22.7744
330.000000	88.530	-22.4688
335.000000	88.482	-22.3271
340.000000	88.450	-22.2111
345.000000	88.421	-22.0599
350.000000	88.385	-21.9557
355.000000	88.350	-21.8629
360.000000	88.314	-21.7735
365.000000	88.286	-21.7014
370.000000	88.259	-21.6265
375.000000	88.225	-21.5592
382.000000	88.176	-21.4621
387.000000	88.142	-21.3590
395.000000	88.091	-21.1772
400.000000	88.056	-21.0865
406.000000	88.014	-20.9847
412.000000	87.978	-20.8787
418.000000	87.940	-20.7950
425.000000	87.896	-20.6721
431.000000	87.852	-20.5500
437.000000	87.806	-20.4554
444.000000	87.758	-20.3295
450.000000	87.716	-20.1831
455.000000	87.680	-20.0733
462.000000	87.632	-19.9318
468.000000	87.593	-19.7649
475.000000	87.545	-19.5578
482.000000	87.489	-19.3767
487.000000	87.446	-19.2584
494.000000	87.390	-19.0616
500.000000	87.347	-18.9189
508.000000	87.267	-18.5839
515.000000	87.198	-17.9843
522.000000	87.153	-17.6366
530.000000	87.127	-17.7550
538.000000	87.119	-17.1427
545.000000	87.089	-16.5343
552.000000	87.019	-16.4700
560.000000	86.885	-16.1684
570.000000	86.759	-14.8123
580.000000	86.778	-14.2185
590.000000	86.847	-13.7915
600.000000	86.849	-12.7464
608.000000	86.852	-12.4065
615.000000	86.878	-11.9015
622.000000	86.882	-11.1702
630.000000	86.877	-10.7221
640.000000	86.917	-10.0703
650.000000	86.973	-8.9472
660.000000	87.086	-8.1067
670.000000	87.245	-7.9769
680.000000	87.247	-7.9261
690.000000	87.191	-7.9169
700.000000	87.204	-7.8420
710.000000	87.245	-7.7123
720.000000	87.277	-7.4288
730.000000	87.288	-7.1712
740.000000	87.324	-6.8973
750.000000	87.365	-6.7273
762.000000	87.388	-6.5576
775.000000	87.414	-6.2527
788.000000	87.441	-5.9341
800.000000	87.463	-5.6631
812.000000	87.490	-5.4024
825.000000	87.520	-5.0860
838.000000	87.549	-4.7753
850.000000	87.578	-4.4731
862.000000	87.611	-4.1544
875.000000	87.649	-3.8207
885.000000	87.678	-3.5654
900.000000	87.728	-3.1772
912.000000	87.773	-2.8669
925.000000	87.823	-2.5429
938.000000	87.876	-2.2252
950.000000	87.929	-1.9324
962.000000	87.986	-1.6540
975.000000	88.051	-1.3764
988.000000	88.118	-1.1236
1000.000000	88.184	-0.9181
1015.000000	88.270	-0.6992
1030.000000	88.357	-0.5128
1044.000000	88.440	-0.3741
1060.000000	88.536	-0.2514
1075.000000	88.627	-0.1834
1090.000000	88.715	-0.1651
1106.000000	88.808	-0.1875
1120.000000	88.889	-0.2382
1138.000000	88.989	-0.3493
1150.000000	89.054	-0.4491
1172.000000	89.165	-0.6853
1180.000000	89.204	-0.7852
1206.000000	89.322	-1.1304
1220.000000	89.379	-1.3328
1241.000000	89.458	-1.6668
1250.000000	89.489	-1.8158
1265.000000	89.538	-2.0635
1280.000000	89.583	-2.3120
1315.000000	89.673	-2.8634
1320.000000	89.684	-2.9403
1340.000000	89.724	-3.2461
1360.000000	89.761	-3.5351
1380.000000	89.793	-3.7958
1400.000000	89.822	-4.0279
1430.000000	89.857	-4.3458
1450.000000	89.878	-4.5264
1475.000000	89.901	-4.7226
1500.000000	89.920	-4.8754
1525.000000	89.940	-4.9839
1550.000000	89.960	-5.0432
1575.000000	89.980	-5.0712
1600.000000	90.002	-5.0676
1625.000000	90.025	-5.0319
1650.000000	90.051	-4.9647
1675.000000	90.078	-4.8632
1700.000000	90.108	-4.7398
1725.000000	90.141	-4.5983
1750.000000	90.178	-4.4315
1775.000000	90.219	-4.2392
1800.000000	90.263	-4.0241
1825.000000	90.313	-3.7920
1850.000000	90.368	-3.5462
1875.000000	90.427	-3.2858
1900.000000	90.491	-3.0120
1925.000000	90.561	-2.7300
1950.000000	90.636	-2.4494
1975.000000	90.717	-2.1581
2000.000000	90.802	-1.8587
2030.000000	90.912	-1.4970
2060.000000	91.032	-1.1326
2090.000000	91.161	-0.7634
2120.000000	91.300	-0.3836
2140.000000	91.399	-0.1278
2180.000000	91.616	0.3708
2200.000000	91.735	0.6117
2240.000000	91.997	1.0553
2270.000000	92.215	1.3274
2300.000000	92.454	1.5219
2330.000000	92.713	1.5908
2360.000000	92.991	1.5027
2400.000000	93.384	1.0862
2430.000000	93.689	0.5075
2470.000000	94.097	-0.6604
2500.000000	94.392	-1.8457
2540.000000	94.756	-3.8202
2580.000000	95.066	-6.1873
2620.000000	95.308	-8.8361
2650.000000	95.439	-10.9227
2690.000000	95.548	-13.7217
2720.000000	95.584	-15.7635
2760.000000	95.580	-18.3355
2800.000000	95.530	-20.6878
2850.000000	95.419	-23.2923
2900.000000	95.274	-25.5353
2950.000000	95.107	-27.4564
3000.000000	94.927	-29.0959
3040.000000	94.778	-30.2298
3070.000000	94.665	-30.9843
3110.000000	94.510	-31.8651
3150.000000	94.355	-32.6077
3200.000000	94.162	-33.3639
3250.000000	93.974	-33.9513
3300.000000	93.794	-34.3975
3350.000000	93.625	-34.7259
3400.000000	93.465	-34.9612
3450.000000	93.316	-35.1337
3500.000000	93.174	-35.2694
3550.000000	93.035	-35.3813
3600.000000	92.897	-35.4753
3650.000000	92.754	-35.5393
3700.000000	92.603	-35.5559
3750.000000	92.446	-35.4903
3820.000000	92.217	-35.1743
3870.000000	92.052	-34.7582
3950.000000	91.800	-33.7567
4000.000000	91.659	-32.9312
4060.000000	91.514	-31.7682
4120.000000	91.400	-30.4643
4180.000000	91.319	-29.0606
4250.000000	91.266	-27.3513
4310.000000	91.254	-25.8684
4370.000000	91.274	-24.4005
4440.000000	91.331	-22.7293
4500.000000	91.408	-21.3612
4550.000000	91.491	-20.2789
4620.000000	91.632	-18.8593
4680.000000	91.776	-17.7325
4750.000000	91.970	-16.5226
4820.000000	92.204	-15.4352
4870.000000	92.404	-14.7916
4940.000000	92.734	-14.2449
5000.000000	93.050	-14.3072
5080.000000	93.463	-15.3931
5150.000000	93.745	-17.2299
5220.000000	93.907	-19.5867
5300.000000	93.933	-22.4961
5380.000000	93.803	-25.3139
5450.000000	93.574	-27.5551
5520.000000	93.241	-29.4677
5600.000000	92.732	-31.0050
5700.000000	91.939	-31.3450
5800.000000	91.105	-29.3498
5900.000000	90.418	-25.1320
6000.000000	90.014	-19.6438
6080.000000	89.901	-15.1217
6150.000000	89.923	-11.4066
6220.000000	90.024	-8.0350
6300.000000	90.202	-4.6233
6400.000000	90.480	-0.9306
6500.000000	90.795	2.2564
6600.000000	91.137	5.0594
6700.000000	91.502	7.5482
6800.000000	91.892	9.7448
6900.000000	92.309	11.6558
7000.000000	92.759	13.2814
7100.000000	93.245	14.5665
7200.000000	93.771	15.4049
7300.000000	94.331	15.6693
7400.000000	94.917	15.2380
7500.000000	95.510	13.9838
7620.000000	96.190	11.2051
7750.000000	96.798	6.5119
7880.000000	97.150	0.2969
8000.000000	97.152	-6.1495
8120.000000	96.818	-12.3575
8250.000000	96.142	-17.9202
8380.000000	95.242	-21.7677
8500.000000	94.312	-23.6211
8620.000000	93.372	-23.9417
8750.000000	92.409	-22.8476
8850.000000	91.734	-21.1983
9000.000000	90.846	-17.7450
9120.000000	90.251	-14.3760
9250.000000	89.726	-10.3319
9380.000000	89.321	-6.0364
9500.000000	89.052	-1.9882
9620.000000	88.882	2.0207
9750.000000	88.803	6.1899
9880.000000	88.826	10.0473
10000.000000	88.930	13.2026
10150.000000	89.153	16.4149
10300.000000	89.446	18.6066
10440.000000	89.743	19.5565
10600.000000	90.039	19.2370
10750.000000	90.198	17.6347
10900.000000	90.160	15.0595
11060.000000	89.831	11.8882
11200.000000	89.278	9.5259
11380.000000	88.265	8.2316
11500.000000	87.489	8.9254
11720.000000	86.120	13.5876
11800.000000	85.702	16.2003
12060.000000	84.809	26.4407
12200.000000	84.630	32.2685
12410.000000	84.732	40.5701
12500.000000	84.905	43.7595
12650.000000	85.353	48.2702
12800.000000	85.971	51.3871
13150.000000	87.515	50.2171
13200.000000	87.629	49.0981
13400.000000	87.604	45.0414
13600.000000	87.431	44.9017
13800.000000	87.727	45.0277
14000.000000	88.155	42.8242
14300.000000	88.598	36.8394
14500.000000	88.771	31.9352
14750.000000	88.923	24.8056
15000.000000	88.934	16.1469
15250.000000	88.738	7.0105
15500.000000	88.606	-3.3363
15750.000000	88.145	-16.2242
16000.000000	87.129	-28.5410
16250.000000	85.982	-38.1361
16500.000000	85.409	-46.3578
16750.000000	85.852	-58.3102
17000.000000	86.960	-79.9734
17250.000000	87.097	-113.9335
17500.000000	84.727	-152.1042
17750.000000	80.027	176.0779
18000.000000	73.943	153.8278
18250.000000	67.175	140.7620
18500.000000	59.994	142.5917
18750.000000	53.646	170.8096
19000.000000	51.410	178.7420
19250.000000	50.578	162.1375
19500.000000	48.768	135.9016
19750.000000	46.008	104.2054
20000.000000	43.501	73.0065
