* Measurement data measured by REW V5.31.3
* Source: USB-C to 3.5mm Headphone Jack Adapter, USB-C to 3.5mm Headphone Jack Adapter, 0, volume: 0.264
* Format: 512k Log Swept Sine, 1 sweep at -12.0 dBFS with no timing reference
* Dated: Sep 14, 2025 12:23:59 AM
* REW Settings:
*  C-weighting compensation: Off
*  Target level: 75.0 dB
* Note: ; 
* Measurement: L Letshouer C12 2023 AET07
* Smoothing: 1/24 octave
* Frequency Step: 1/48 octave
* Start Frequency: 20.000 Hz
*
* Freq(Hz)	SPL(dB)	Phase(degrees)
20.000000	95.541	-175.6997
20.299999	95.535	-176.0514
20.600000	95.534	-176.4193
20.900000	95.534	-176.8274
21.200001	95.527	-177.2704
21.400000	95.517	-177.5687
21.799999	95.485	-178.1145
22.000000	95.466	-178.3410
22.400000	95.432	-178.6876
22.700001	95.418	-178.8831
23.000000	95.417	-179.0695
23.299999	95.425	-179.2862
23.600000	95.439	-179.5543
24.000000	95.458	-179.9897
24.299999	95.468	179.6427
24.700001	95.476	179.1224
25.000000	95.477	178.7165
25.400000	95.472	178.1602
25.799999	95.455	177.6085
26.200001	95.425	177.1053
26.500000	95.397	176.7854
26.900000	95.361	176.4418
27.200001	95.338	176.2281
27.600000	95.315	175.9583
28.000000	95.294	175.6755
28.500000	95.263	175.3246
29.000000	95.228	175.0502
29.500000	95.204	174.8648
30.000000	95.202	174.6659
30.400000	95.207	174.4236
30.700001	95.209	174.1897
31.100000	95.203	173.8464
31.500000	95.189	173.5201
32.000000	95.169	173.1698
32.500000	95.157	172.8359
33.000000	95.147	172.4576
33.500000	95.128	172.0559
34.000000	95.100	171.7013
34.500000	95.074	171.4150
35.000000	95.054	171.1555
35.500000	95.035	170.8994
36.000000	95.016	170.6694
36.500000	95.006	170.4564
37.000000	95.008	170.1750
37.500000	95.005	169.7604
38.200001	94.958	169.1201
38.700001	94.906	168.8189
39.500000	94.855	168.5406
40.000000	94.842	168.2898
40.599998	94.814	167.9209
41.200001	94.782	167.6313
41.799999	94.770	167.3580
42.500000	94.758	166.8863
43.099998	94.722	166.5227
43.700001	94.691	166.3484
44.400002	94.696	166.1261
45.000000	94.694	165.7384
45.500000	94.666	165.4124
46.200001	94.616	165.1406
46.799999	94.585	164.9386
47.500000	94.528	164.6472
48.200001	94.449	164.5668
48.700001	94.415	164.6305
49.400002	94.402	164.5513
50.000000	94.379	164.2313
50.799999	94.302	163.8328
51.500000	94.239	163.6859
52.200001	94.201	163.5380
53.000000	94.163	163.2766
53.799999	94.126	163.0441
54.500000	94.108	162.8534
55.200001	94.099	162.5798
56.000000	94.076	162.1652
57.000000	94.017	161.7179
58.000000	93.959	161.5091
59.000000	93.930	161.3119
60.000000	93.899	160.9329
60.799999	93.853	160.6561
61.500000	93.813	160.5094
62.200001	93.778	160.3820
63.000000	93.736	160.2286
64.000000	93.681	160.1170
65.000000	93.638	159.9904
66.000000	93.585	159.7467
67.000000	93.519	159.5605
68.000000	93.473	159.3883
69.000000	93.432	159.0242
70.000000	93.369	158.6950
71.000000	93.319	158.5336
72.000000	93.276	158.3684
73.000000	93.226	158.3852
74.000000	93.208	158.5076
75.000000	93.193	158.4366
76.199997	93.156	158.3343
77.500000	93.123	157.9169
78.800003	93.023	157.3932
80.000000	92.954	157.2513
81.199997	92.925	156.9766
82.500000	92.880	156.6983
83.800003	92.837	156.6119
85.000000	92.793	156.5889
86.199997	92.738	156.6066
87.500000	92.684	156.6100
88.500000	92.646	156.4792
90.000000	92.586	156.2137
91.199997	92.551	155.9648
92.500000	92.502	155.6727
93.800003	92.433	155.6066
95.000000	92.378	155.7214
96.199997	92.331	155.7905
97.500000	92.279	155.7117
98.800003	92.218	155.5508
100.000000	92.178	155.3675
101.500000	92.113	155.0450
103.000000	92.057	155.1050
104.400002	92.027	155.1566
106.000000	91.978	155.0959
107.500000	91.895	155.0438
109.000000	91.852	155.2761
110.599998	91.850	154.8934
112.000000	91.792	154.5714
113.800003	91.741	154.6489
115.000000	91.726	154.6471
117.199997	91.674	154.6357
118.000000	91.655	154.6221
120.599998	91.588	154.4608
122.000000	91.536	154.3087
124.099998	91.458	154.3580
125.000000	91.441	154.3757
126.500000	91.414	154.2670
128.000000	91.373	154.1290
131.500000	91.269	154.1573
132.000000	91.257	154.1755
134.000000	91.204	154.2272
136.000000	91.146	154.2772
138.000000	91.087	154.2897
140.000000	91.038	154.3210
143.000000	90.990	154.3482
145.000000	90.948	154.3142
147.500000	90.875	154.2232
150.000000	90.803	154.1206
152.500000	90.756	154.0665
155.000000	90.716	154.0746
157.500000	90.660	154.0629
160.000000	90.599	153.9996
162.500000	90.537	154.0434
165.000000	90.474	154.1905
167.500000	90.400	154.3304
170.000000	90.347	154.3686
172.500000	90.314	154.3007
175.000000	90.281	154.3018
177.500000	90.244	154.4077
180.000000	90.205	154.5450
182.500000	90.154	154.6301
185.000000	90.088	154.6484
187.500000	90.026	154.6308
190.000000	89.980	154.6150
192.500000	89.927	154.7666
195.000000	89.865	155.0855
197.500000	89.801	155.4000
200.000000	89.754	155.5879
203.000000	89.741	155.8317
206.000000	89.798	156.2509
209.000000	89.872	156.4171
212.000000	89.866	156.1705
214.000000	89.834	155.9942
218.000000	89.779	155.7719
220.000000	89.749	155.7339
224.000000	89.672	155.8256
227.000000	89.622	155.8811
230.000000	89.577	155.8818
233.000000	89.533	155.8824
236.000000	89.490	155.8906
240.000000	89.441	155.9598
243.000000	89.414	155.9588
247.000000	89.369	156.0040
250.000000	89.328	156.0800
254.000000	89.284	156.2305
258.000000	89.243	156.2711
262.000000	89.203	156.2833
265.000000	89.174	156.3212
269.000000	89.134	156.5223
272.000000	89.107	156.6949
276.000000	89.073	156.7646
280.000000	89.029	156.7425
285.000000	88.980	156.8775
290.000000	88.934	157.0156
295.000000	88.902	157.1735
300.000000	88.863	157.2753
304.000000	88.811	157.3089
307.000000	88.780	157.3434
311.000000	88.751	157.2916
315.000000	88.713	157.5439
320.000000	88.660	157.7062
325.000000	88.598	157.7587
330.000000	88.575	158.2869
335.000000	88.580	158.4809
340.000000	88.559	158.5446
345.000000	88.488	158.5361
350.000000	88.453	158.6085
355.000000	88.542	158.3667
360.000000	88.642	157.9710
365.000000	88.639	157.8743
370.000000	88.560	158.4602
375.000000	88.401	159.2217
382.000000	88.239	158.8304
387.000000	88.230	158.7436
395.000000	88.171	158.9908
400.000000	88.144	159.0695
406.000000	88.114	159.1365
412.000000	88.066	159.2381
418.000000	88.016	159.4179
425.000000	87.952	159.6007
431.000000	87.905	159.7253
437.000000	87.863	159.8568
444.000000	87.811	160.0650
450.000000	87.771	160.2605
455.000000	87.753	160.6387
462.000000	87.634	160.5344
468.000000	87.327	160.6663
475.000000	87.108	160.2793
482.000000	87.323	160.1590
487.000000	87.450	160.7595
494.000000	87.468	161.2379
500.000000	87.427	161.4960
508.000000	87.373	161.8556
515.000000	87.333	162.1668
522.000000	87.277	162.4760
530.000000	87.214	162.7485
538.000000	87.170	163.0984
545.000000	87.129	163.4911
552.000000	87.073	163.9203
560.000000	87.018	164.4059
570.000000	86.964	165.0900
580.000000	86.919	165.7113
590.000000	86.887	166.4557
600.000000	86.867	167.2415
608.000000	86.865	167.7513
615.000000	86.865	168.1881
622.000000	86.865	168.6613
630.000000	86.869	169.1995
640.000000	86.890	169.8120
650.000000	86.928	170.4355
660.000000	86.971	170.9504
670.000000	87.004	171.4105
680.000000	87.031	171.9291
690.000000	87.069	172.4116
700.000000	87.109	172.7583
710.000000	87.153	173.0789
720.000000	87.190	173.4096
730.000000	87.211	173.7170
740.000000	87.234	173.9615
750.000000	87.265	174.2398
762.000000	87.298	174.6520
775.000000	87.327	175.0242
788.000000	87.352	175.3497
800.000000	87.382	175.6949
812.000000	87.417	175.9958
825.000000	87.453	176.3409
838.000000	87.485	176.6620
850.000000	87.517	176.9650
862.000000	87.555	177.2799
875.000000	87.597	177.6716
885.000000	87.634	177.9527
900.000000	87.687	178.3844
912.000000	87.732	178.7625
925.000000	87.788	179.1357
938.000000	87.848	179.4701
950.000000	87.905	179.7809
962.000000	87.963	-179.9315
975.000000	88.033	-179.6595
988.000000	88.107	-179.3897
1000.000000	88.174	-179.1628
1015.000000	88.264	-178.9042
1030.000000	88.353	-178.6856
1044.000000	88.437	-178.5418
1060.000000	88.537	-178.4273
1075.000000	88.629	-178.3458
1090.000000	88.720	-178.3033
1106.000000	88.816	-178.2881
1120.000000	88.895	-178.2945
1138.000000	88.993	-178.4207
1150.000000	89.059	-178.5375
1172.000000	89.178	-178.7622
1180.000000	89.218	-178.8470
1206.000000	89.335	-179.1800
1220.000000	89.394	-179.3644
1241.000000	89.475	-179.6977
1250.000000	89.507	-179.8293
1265.000000	89.557	179.9562
1280.000000	89.599	179.7128
1315.000000	89.686	179.1544
1320.000000	89.698	179.0869
1340.000000	89.741	178.8254
1360.000000	89.779	178.5659
1380.000000	89.815	178.3333
1400.000000	89.845	178.1073
1430.000000	89.880	177.7816
1450.000000	89.898	177.6129
1475.000000	89.921	177.4758
1500.000000	89.944	177.3662
1525.000000	89.962	177.2740
1550.000000	89.984	177.2358
1575.000000	90.004	177.2367
1600.000000	90.025	177.2583
1625.000000	90.046	177.3252
1650.000000	90.071	177.4518
1675.000000	90.099	177.5977
1700.000000	90.129	177.7597
1725.000000	90.165	177.9404
1750.000000	90.205	178.1356
1775.000000	90.249	178.3575
1800.000000	90.297	178.6033
1825.000000	90.350	178.8629
1850.000000	90.407	179.1508
1875.000000	90.467	179.4421
1900.000000	90.531	179.7377
1925.000000	90.602	-179.9539
1950.000000	90.678	-179.6363
1975.000000	90.760	-179.2966
2000.000000	90.850	-178.9626
2030.000000	90.964	-178.5673
2060.000000	91.085	-178.1645
2090.000000	91.219	-177.7556
2120.000000	91.365	-177.3595
2140.000000	91.468	-177.0918
2180.000000	91.686	-176.5746
2200.000000	91.804	-176.3348
2240.000000	92.062	-175.8973
2270.000000	92.275	-175.6205
2300.000000	92.505	-175.4151
2330.000000	92.751	-175.3110
2360.000000	93.015	-175.3408
2400.000000	93.386	-175.6002
2430.000000	93.680	-176.0010
2470.000000	94.080	-176.8651
2500.000000	94.377	-177.7817
2540.000000	94.759	-179.3651
2580.000000	95.107	178.6731
2620.000000	95.405	176.3646
2650.000000	95.589	174.4689
2690.000000	95.777	171.8108
2720.000000	95.872	169.7856
2760.000000	95.943	167.1295
2800.000000	95.958	164.5984
2850.000000	95.916	161.6923
2900.000000	95.824	159.1213
2950.000000	95.698	156.8624
3000.000000	95.546	154.8736
3040.000000	95.412	153.4759
3070.000000	95.306	152.5330
3110.000000	95.159	151.4057
3150.000000	95.005	150.4135
3200.000000	94.810	149.3538
3250.000000	94.615	148.5045
3300.000000	94.426	147.8209
3350.000000	94.246	147.2676
3400.000000	94.074	146.8115
3450.000000	93.907	146.4051
3500.000000	93.743	146.0289
3550.000000	93.576	145.6799
3600.000000	93.401	145.3760
3650.000000	93.215	145.1432
3700.000000	93.019	145.0228
3750.000000	92.811	145.0638
3820.000000	92.510	145.4385
3870.000000	92.299	145.9557
3950.000000	91.992	147.2318
4000.000000	91.826	148.2812
4060.000000	91.658	149.7128
4120.000000	91.529	151.2914
4180.000000	91.442	152.9600
4250.000000	91.392	154.9527
4310.000000	91.389	156.6627
4370.000000	91.415	158.3181
4440.000000	91.479	160.1754
4500.000000	91.559	161.7169
4550.000000	91.641	162.9691
4620.000000	91.784	164.6885
4680.000000	91.937	166.1440
4750.000000	92.164	167.7889
4820.000000	92.458	169.2709
4870.000000	92.712	170.0993
4940.000000	93.119	170.7256
5000.000000	93.485	170.6021
5080.000000	93.922	169.4449
5150.000000	94.201	167.7668
5220.000000	94.367	165.8475
5300.000000	94.441	163.7321
5380.000000	94.434	161.8714
5450.000000	94.388	160.4221
5520.000000	94.314	159.0469
5600.000000	94.192	157.4659
5700.000000	93.948	155.4282
5800.000000	93.545	153.5535
5900.000000	92.950	152.4838
6000.000000	92.212	153.0541
6080.000000	91.610	155.0707
6150.000000	91.157	157.9262
6220.000000	90.823	161.5350
6300.000000	90.618	166.0947
6400.000000	90.598	171.7176
6500.000000	90.771	176.7657
6600.000000	91.066	-178.9108
6700.000000	91.433	-175.2546
6800.000000	91.845	-172.1561
6900.000000	92.293	-169.5251
7000.000000	92.779	-167.3153
7100.000000	93.305	-165.5469
7200.000000	93.871	-164.2848
7300.000000	94.473	-163.6163
7400.000000	95.105	-163.6851
7500.000000	95.746	-164.6437
7620.000000	96.483	-167.1159
7750.000000	97.156	-171.5181
7880.000000	97.580	-177.5057
8000.000000	97.657	176.1567
8120.000000	97.401	169.8771
8250.000000	96.786	164.0753
8380.000000	95.929	159.9979
8500.000000	95.033	157.9755
8620.000000	94.127	157.5069
8750.000000	93.199	158.4548
8850.000000	92.548	159.9922
9000.000000	91.699	163.2616
9120.000000	91.136	166.4831
9250.000000	90.646	170.3676
9380.000000	90.283	174.4889
9500.000000	90.058	178.3495
9620.000000	89.940	-177.8767
9750.000000	89.927	-174.0455
9880.000000	90.024	-170.6612
10000.000000	90.200	-168.1003
10150.000000	90.507	-165.8788
10300.000000	90.860	-165.0234
10440.000000	91.164	-165.6418
10600.000000	91.376	-168.0069
10750.000000	91.334	-171.4870
10900.000000	90.978	-175.4453
11060.000000	90.238	-179.0863
11200.000000	89.337	179.0189
11380.000000	87.969	179.4106
11500.000000	87.069	-178.3952
11720.000000	85.698	-171.7076
11800.000000	85.303	-168.7820
12060.000000	84.401	-158.1773
12200.000000	84.179	-152.1730
12410.000000	84.181	-143.8195
12500.000000	84.281	-140.7076
12650.000000	84.538	-136.2645
12800.000000	84.864	-132.7471
13150.000000	85.713	-127.6557
13200.000000	85.836	-127.2220
13400.000000	86.336	-126.1000
13600.000000	86.851	-125.9809
13800.000000	87.364	-127.0301
14000.000000	87.829	-129.3502
14300.000000	88.326	-134.7635
14500.000000	88.508	-139.0405
14750.000000	88.647	-144.5811
15000.000000	88.820	-150.4740
15250.000000	89.114	-157.7006
15500.000000	89.431	-167.5753
15750.000000	89.462	179.6404
16000.000000	88.945	165.9028
16250.000000	88.052	154.0835
16500.000000	87.493	144.4745
16750.000000	87.863	132.4876
17000.000000	89.009	112.3569
17250.000000	89.436	80.2911
17500.000000	87.738	42.5836
17750.000000	83.850	8.2857
18000.000000	78.347	-17.0645
18250.000000	72.010	-32.4954
18500.000000	65.422	-37.4680
18750.000000	59.384	-30.8978
19000.000000	55.829	-28.5511
19250.000000	54.161	-43.5034
19500.000000	52.082	-70.5966
19750.000000	49.004	-104.2531
20000.000000	46.054	-137.5037
