* Measurement data measured by REW V5.31.3
* Source: USB-C to 3.5mm Headphone Jack Adapter, USB-C to 3.5mm Headphone Jack Adapter, 0, volume: 0.264
* Format: 512k Log Swept Sine, 1 sweep at -12.0 dBFS with no timing reference
* Dated: Sep 14, 2025 1:27:31 PM
* REW Settings:
*  C-weighting compensation: Off
*  Target level: 75.0 dB
* Note: ; 
* Measurement: R Rhapsodio Master AET07
* Smoothing: 1/24 octave
* Frequency Step: 1/48 octave
* Start Frequency: 20.000 Hz
*
* Freq(Hz)	SPL(dB)	Phase(degrees)
20.000000	96.721	22.1700
20.299999	96.734	21.6319
20.600000	96.758	21.0505
20.900000	96.779	20.4022
21.200001	96.786	19.7285
21.400000	96.782	19.3043
21.799999	96.762	18.5992
22.000000	96.754	18.3276
22.400000	96.756	17.8799
22.700001	96.775	17.5353
23.000000	96.800	17.1245
23.299999	96.818	16.6564
23.600000	96.822	16.1892
24.000000	96.816	15.6784
24.299999	96.819	15.3982
24.700001	96.850	15.0526
25.000000	96.891	14.6951
25.400000	96.946	13.9842
25.799999	96.965	13.0806
26.200001	96.932	12.2246
26.500000	96.886	11.7588
26.900000	96.832	11.4287
27.200001	96.819	11.3198
27.600000	96.844	11.1369
28.000000	96.896	10.7097
28.500000	96.939	9.8094
29.000000	96.919	8.8209
29.500000	96.861	8.0966
30.000000	96.821	7.6537
30.400000	96.819	7.3176
30.700001	96.827	6.9827
31.100000	96.834	6.4033
31.500000	96.819	5.7416
32.000000	96.769	4.9733
32.500000	96.705	4.3887
33.000000	96.651	3.9720
33.500000	96.613	3.6498
34.000000	96.593	3.3669
34.500000	96.595	3.0585
35.000000	96.612	2.6403
35.500000	96.625	2.0871
36.000000	96.617	1.4825
36.500000	96.592	0.9500
37.000000	96.562	0.5435
37.500000	96.540	0.2264
38.200001	96.527	-0.1949
38.700001	96.523	-0.5568
39.500000	96.498	-1.2935
40.000000	96.454	-1.7431
40.599998	96.386	-2.0864
41.200001	96.343	-2.2566
41.799999	96.335	-2.5256
42.500000	96.319	-3.1079
43.099998	96.278	-3.6127
43.700001	96.238	-3.9787
44.400002	96.216	-4.3584
45.000000	96.204	-4.7270
45.500000	96.194	-5.0267
46.200001	96.188	-5.4234
46.799999	96.188	-5.8158
47.500000	96.168	-6.3320
48.200001	96.120	-6.7445
48.700001	96.080	-6.8984
49.400002	96.042	-6.9794
50.000000	96.033	-7.1111
50.799999	96.013	-7.5711
51.500000	95.953	-8.0194
52.200001	95.882	-8.2314
53.000000	95.844	-8.3678
53.799999	95.834	-8.7373
54.500000	95.811	-9.1871
55.200001	95.781	-9.6131
56.000000	95.745	-10.0728
57.000000	95.686	-10.5878
58.000000	95.620	-10.8750
59.000000	95.584	-11.0418
60.000000	95.560	-11.3833
60.799999	95.524	-11.7035
61.500000	95.492	-11.9345
62.200001	95.464	-12.1609
63.000000	95.433	-12.4216
64.000000	95.401	-12.6770
65.000000	95.381	-12.9421
66.000000	95.352	-13.1902
67.000000	95.326	-13.3087
68.000000	95.315	-13.4827
69.000000	95.289	-13.8536
70.000000	95.223	-14.2612
71.000000	95.141	-14.4935
72.000000	95.081	-14.6295
73.000000	95.045	-14.8845
74.000000	95.007	-15.2732
75.000000	94.958	-15.6251
76.199997	94.905	-15.9156
77.500000	94.851	-16.1539
78.800003	94.805	-16.2373
80.000000	94.785	-16.3914
81.199997	94.749	-16.7249
82.500000	94.696	-17.0141
83.800003	94.648	-17.4018
85.000000	94.586	-17.6680
86.199997	94.549	-17.7898
87.500000	94.528	-18.0560
88.500000	94.495	-18.3516
90.000000	94.420	-18.5186
91.199997	94.378	-18.5545
92.500000	94.340	-18.7160
93.800003	94.280	-19.0460
95.000000	94.217	-19.1826
96.199997	94.191	-19.3692
97.500000	94.163	-19.7533
98.800003	94.131	-19.9334
100.000000	94.138	-20.0214
101.500000	94.116	-20.4278
103.000000	94.024	-20.4601
104.400002	93.952	-20.2805
106.000000	93.887	-20.2002
107.500000	93.833	-20.4586
109.000000	93.743	-20.7481
110.599998	93.656	-20.5502
112.000000	93.645	-20.3252
113.800003	93.619	-20.4892
115.000000	93.579	-20.5530
117.199997	93.542	-20.6036
118.000000	93.525	-20.7537
120.599998	93.443	-20.3927
122.000000	93.477	-20.0576
124.099998	93.515	-20.5984
125.000000	93.481	-20.9512
126.500000	93.399	-21.2551
128.000000	93.333	-21.2998
131.500000	93.336	-21.0728
132.000000	93.349	-21.1412
134.000000	93.373	-21.6556
136.000000	93.349	-22.2467
138.000000	93.300	-22.6845
140.000000	93.243	-22.9482
143.000000	93.135	-22.9839
145.000000	93.041	-22.9320
147.500000	92.913	-22.9993
150.000000	92.833	-23.1365
152.500000	92.813	-23.2987
155.000000	92.791	-23.4592
157.500000	92.714	-23.7899
160.000000	92.615	-24.0593
162.500000	92.565	-23.9960
165.000000	92.537	-23.9494
167.500000	92.477	-23.9500
170.000000	92.415	-23.9403
172.500000	92.360	-24.1696
175.000000	92.269	-24.2603
177.500000	92.218	-24.2325
180.000000	92.179	-24.4913
182.500000	92.122	-24.5334
185.000000	92.078	-24.5130
187.500000	92.025	-24.6230
190.000000	91.975	-24.6261
192.500000	91.924	-24.6567
195.000000	91.862	-24.6810
197.500000	91.803	-24.7411
200.000000	91.746	-24.8234
203.000000	91.683	-24.7787
206.000000	91.633	-24.6907
209.000000	91.574	-24.7181
212.000000	91.520	-24.7446
214.000000	91.491	-24.7706
218.000000	91.450	-24.7139
220.000000	91.425	-24.8680
224.000000	91.308	-24.9556
227.000000	91.224	-24.6564
230.000000	91.162	-24.5691
233.000000	91.110	-24.6208
236.000000	91.064	-24.5821
240.000000	91.010	-24.6326
243.000000	90.970	-24.7391
247.000000	90.917	-24.7317
250.000000	90.872	-24.6935
254.000000	90.815	-24.5453
258.000000	90.739	-24.3684
262.000000	90.650	-24.2251
265.000000	90.590	-24.1506
269.000000	90.530	-24.1650
272.000000	90.493	-24.1629
276.000000	90.445	-24.1009
280.000000	90.383	-24.0459
285.000000	90.307	-23.8168
290.000000	90.215	-23.6809
295.000000	90.136	-23.6686
300.000000	90.049	-23.6010
304.000000	89.983	-23.4029
307.000000	89.941	-23.2570
311.000000	89.888	-23.0855
315.000000	89.838	-22.9211
320.000000	89.767	-22.6955
325.000000	89.696	-22.4900
330.000000	89.634	-22.4465
335.000000	89.561	-22.3426
340.000000	89.477	-22.0052
345.000000	89.414	-21.6180
350.000000	89.377	-21.3715
355.000000	89.339	-21.1199
360.000000	89.271	-20.8240
365.000000	89.195	-20.7274
370.000000	89.143	-20.7389
375.000000	89.091	-20.4809
382.000000	88.986	-20.1153
387.000000	88.927	-19.8651
395.000000	88.855	-19.4456
400.000000	88.806	-19.0797
406.000000	88.747	-18.6541
412.000000	88.683	-18.4107
418.000000	88.623	-18.1627
425.000000	88.555	-17.7283
431.000000	88.488	-17.3692
437.000000	88.430	-17.0330
444.000000	88.381	-16.7464
450.000000	88.333	-16.4395
455.000000	88.290	-16.1454
462.000000	88.225	-15.7069
468.000000	88.161	-15.2788
475.000000	88.095	-14.8647
482.000000	88.028	-14.5151
487.000000	87.987	-14.1488
494.000000	87.938	-13.6727
500.000000	87.899	-13.2983
508.000000	87.858	-12.7622
515.000000	87.812	-12.2689
522.000000	87.755	-11.8645
530.000000	87.704	-11.3601
538.000000	87.649	-10.7716
545.000000	87.593	-10.2552
552.000000	87.544	-9.8396
560.000000	87.502	-9.3422
570.000000	87.449	-8.5777
580.000000	87.404	-7.8533
590.000000	87.364	-7.1448
600.000000	87.304	-6.4367
608.000000	87.245	-5.8356
615.000000	87.211	-5.2921
622.000000	87.187	-4.7789
630.000000	87.157	-4.2324
640.000000	87.122	-3.5484
650.000000	87.103	-2.7998
660.000000	87.069	-2.0311
670.000000	87.028	-1.2103
680.000000	86.995	-0.4181
690.000000	86.970	0.4100
700.000000	86.954	1.2481
710.000000	86.935	2.0044
720.000000	86.915	2.7974
730.000000	86.897	3.5524
740.000000	86.884	4.2945
750.000000	86.875	5.0622
762.000000	86.869	6.0415
775.000000	86.867	7.1306
788.000000	86.872	8.1909
800.000000	86.880	9.1538
812.000000	86.893	10.0902
825.000000	86.912	11.1141
838.000000	86.931	12.1361
850.000000	86.950	13.1244
862.000000	86.975	14.1020
875.000000	87.017	15.1177
885.000000	87.058	15.9307
900.000000	87.120	17.1591
912.000000	87.174	18.1124
925.000000	87.237	19.1050
938.000000	87.304	20.0780
950.000000	87.367	20.9510
962.000000	87.435	21.8053
975.000000	87.517	22.7290
988.000000	87.603	23.5990
1000.000000	87.688	24.3672
1015.000000	87.799	25.3438
1030.000000	87.912	26.2492
1044.000000	88.019	27.0334
1060.000000	88.143	27.8637
1075.000000	88.261	28.5327
1090.000000	88.368	29.1074
1106.000000	88.461	29.8029
1120.000000	88.551	30.5395
1138.000000	88.690	31.4557
1150.000000	88.786	31.9990
1172.000000	88.958	32.8771
1180.000000	89.020	33.1786
1206.000000	89.218	34.1262
1220.000000	89.324	34.6015
1241.000000	89.481	35.2833
1250.000000	89.547	35.5714
1265.000000	89.655	36.0504
1280.000000	89.761	36.5212
1315.000000	90.002	37.5905
1320.000000	90.036	37.7443
1340.000000	90.176	38.3475
1360.000000	90.318	38.9407
1380.000000	90.460	39.5328
1400.000000	90.603	40.1194
1430.000000	90.815	40.9963
1450.000000	90.958	41.5782
1475.000000	91.141	42.2974
1500.000000	91.329	43.0121
1525.000000	91.525	43.7098
1550.000000	91.727	44.3839
1575.000000	91.932	45.0463
1600.000000	92.139	45.6861
1625.000000	92.351	46.3014
1650.000000	92.570	46.8869
1675.000000	92.797	47.4348
1700.000000	93.032	47.9491
1725.000000	93.272	48.4245
1750.000000	93.517	48.8600
1775.000000	93.769	49.2441
1800.000000	94.026	49.5722
1825.000000	94.288	49.8484
1850.000000	94.556	50.0623
1875.000000	94.832	50.2038
1900.000000	95.115	50.2729
1925.000000	95.403	50.2631
1950.000000	95.694	50.1665
1975.000000	95.985	49.9823
2000.000000	96.278	49.7079
2030.000000	96.634	49.2455
2060.000000	96.994	48.6255
2090.000000	97.355	47.8494
2120.000000	97.714	46.9064
2140.000000	97.950	46.1786
2180.000000	98.406	44.4894
2200.000000	98.625	43.5277
2240.000000	99.041	41.3702
2270.000000	99.332	39.5535
2300.000000	99.601	37.5782
2330.000000	99.843	35.4641
2360.000000	100.055	33.2323
2400.000000	100.283	30.1239
2430.000000	100.409	27.7379
2470.000000	100.519	24.5455
2500.000000	100.560	22.1896
2540.000000	100.566	19.1663
2580.000000	100.522	16.3401
2620.000000	100.434	13.7604
2650.000000	100.346	12.0016
2690.000000	100.206	9.9015
2720.000000	100.088	8.5131
2760.000000	99.918	6.9081
2800.000000	99.740	5.5696
2850.000000	99.520	4.2398
2900.000000	99.314	3.2491
2950.000000	99.126	2.5587
3000.000000	98.954	2.1858
3040.000000	98.843	2.1286
3070.000000	98.783	2.1367
3110.000000	98.725	2.1180
3150.000000	98.680	2.1129
3200.000000	98.644	2.1977
3250.000000	98.640	2.3656
3300.000000	98.672	2.5686
3350.000000	98.739	2.7688
3400.000000	98.838	2.9291
3450.000000	98.972	3.0078
3500.000000	99.144	2.9659
3550.000000	99.357	2.7610
3600.000000	99.610	2.3455
3650.000000	99.900	1.6562
3700.000000	100.224	0.6163
3750.000000	100.577	-0.8652
3820.000000	101.096	-3.8710
3870.000000	101.461	-6.8095
3950.000000	101.964	-13.0292
4000.000000	102.176	-17.8255
4060.000000	102.273	-24.2911
4120.000000	102.159	-31.1736
4180.000000	101.819	-37.9993
4250.000000	101.158	-45.2706
4310.000000	100.414	-50.5278
4370.000000	99.567	-54.7272
4440.000000	98.517	-58.3189
4500.000000	97.608	-60.3810
4550.000000	96.866	-61.4739
4620.000000	95.869	-62.2266
4680.000000	95.059	-62.2896
4750.000000	94.167	-61.8186
4820.000000	93.328	-60.8807
4870.000000	92.760	-59.9851
4940.000000	92.007	-58.4689
5000.000000	91.400	-56.9593
5080.000000	90.649	-54.6883
5150.000000	90.040	-52.4923
5220.000000	89.471	-50.1430
5300.000000	88.865	-47.2980
5380.000000	88.304	-44.2984
5450.000000	87.849	-41.5728
5520.000000	87.426	-38.7742
5600.000000	86.976	-35.4932
5700.000000	86.469	-31.2424
5800.000000	86.024	-26.8069
5900.000000	85.639	-22.2153
6000.000000	85.320	-17.5614
6080.000000	85.113	-13.8399
6150.000000	84.962	-10.5914
6220.000000	84.839	-7.3458
6300.000000	84.732	-3.6316
6400.000000	84.654	1.0166
6500.000000	84.635	5.6729
6600.000000	84.674	10.3232
6700.000000	84.777	14.9494
6800.000000	84.951	19.5587
6900.000000	85.221	24.1868
7000.000000	85.624	28.5675
7100.000000	86.116	32.2802
7200.000000	86.668	35.6456
7300.000000	87.323	38.6894
7400.000000	88.106	41.1766
7500.000000	89.035	42.8227
7620.000000	90.353	43.0535
7750.000000	91.995	39.8514
7880.000000	93.587	31.3424
8000.000000	94.530	18.6253
8120.000000	94.534	3.4532
8250.000000	93.424	-11.2781
8380.000000	91.589	-20.9566
8500.000000	89.732	-25.1397
8620.000000	88.001	-25.9206
8750.000000	86.373	-24.3495
8850.000000	85.296	-22.0829
9000.000000	83.921	-17.6331
9120.000000	82.999	-13.4877
9250.000000	82.153	-8.6340
9380.000000	81.447	-3.5442
9500.000000	80.909	1.2796
9620.000000	80.474	6.1707
9750.000000	80.115	11.4927
9880.000000	79.871	16.7895
10000.000000	79.745	21.6110
10150.000000	79.723	27.4780
10300.000000	79.856	33.0743
10440.000000	80.134	37.9461
10600.000000	80.657	42.8660
10750.000000	81.382	46.5056
10900.000000	82.365	48.5831
11060.000000	83.683	47.8741
11200.000000	84.933	43.4487
11380.000000	86.184	31.4067
11500.000000	86.427	20.2473
11720.000000	85.195	-0.4446
11800.000000	84.290	-6.3009
12060.000000	80.629	-16.1401
12200.000000	78.611	-16.2010
12410.000000	75.929	-10.6120
12500.000000	75.011	-6.9927
12650.000000	73.718	-0.6697
12800.000000	72.617	7.2328
13150.000000	72.128	30.0432
13200.000000	72.324	32.1674
13400.000000	73.198	35.2112
13600.000000	73.520	32.8134
13800.000000	73.189	30.4470
14000.000000	72.604	30.4572
14300.000000	71.928	33.9021
14500.000000	71.776	36.9799
14750.000000	71.973	40.4803
15000.000000	72.636	42.5603
15250.000000	73.792	41.7610
15500.000000	75.349	35.9175
15750.000000	76.838	22.8935
16000.000000	77.473	3.4959
16250.000000	76.812	-17.2560
16500.000000	75.218	-34.5309
16750.000000	73.365	-47.4308
17000.000000	71.688	-57.4630
17250.000000	70.375	-66.4944
17500.000000	69.516	-76.4878
17750.000000	69.149	-89.8185
18000.000000	69.108	-109.3746
18250.000000	68.748	-137.0087
18500.000000	67.126	-170.4889
18750.000000	63.839	156.0001
19000.000000	59.286	125.9543
19250.000000	54.035	98.8664
19500.000000	48.386	73.2293
19750.000000	42.531	47.4059
20000.000000	37.533	22.8092
