* Measurement data measured by REW V5.31.3
* Source: USB-C to 3.5mm Headphone Jack Adapter, USB-C to 3.5mm Headphone Jack Adapter, 0, volume: 0.264
* Format: 512k Log Swept Sine, 1 sweep at -12.0 dBFS with no timing reference
* Dated: Apr 28, 2025 6:39:46 PM
* REW Settings:
*  C-weighting compensation: Off
*  Target level: 75.0 dB
* Note: ; 
* Measurement: R #69
* Smoothing: 1/24 octave
* Frequency Step: 1/48 octave
* Start Frequency: 20.000 Hz
*
* Freq(Hz)	SPL(dB)	Phase(degrees)
20.000000	89.151	176.1038
20.299999	89.152	175.7806
20.600000	89.182	175.4305
20.900000	89.232	174.9643
21.200001	89.288	174.3380
21.400000	89.322	173.8341
21.799999	89.368	172.6782
22.000000	89.377	172.0638
22.400000	89.369	170.8539
22.700001	89.345	170.0161
23.000000	89.314	169.2633
23.299999	89.281	168.5966
23.600000	89.252	168.0036
24.000000	89.223	167.2910
24.299999	89.212	166.7826
24.700001	89.211	166.0877
25.000000	89.218	165.5228
25.400000	89.230	164.6860
25.799999	89.235	163.7670
26.200001	89.225	162.8216
26.500000	89.210	162.1370
26.900000	89.184	161.2903
27.200001	89.166	160.7018
27.600000	89.148	159.9449
28.000000	89.134	159.1816
28.500000	89.111	158.2197
29.000000	89.079	157.3308
29.500000	89.053	156.5701
30.000000	89.051	155.8466
30.400000	89.064	155.1810
30.700001	89.073	154.5994
31.100000	89.071	153.7436
31.500000	89.047	152.8828
32.000000	88.993	151.9443
32.500000	88.940	151.2037
33.000000	88.909	150.5529
33.500000	88.893	149.8510
34.000000	88.875	149.0605
34.500000	88.845	148.2451
35.000000	88.806	147.4766
35.500000	88.769	146.7686
36.000000	88.739	146.0844
36.500000	88.715	145.3762
37.000000	88.694	144.6168
37.500000	88.668	143.8118
38.200001	88.616	142.6821
38.700001	88.572	141.9333
39.500000	88.508	140.8491
40.000000	88.476	140.1904
40.599998	88.441	139.3807
41.200001	88.402	138.5721
41.799999	88.361	137.7964
42.500000	88.316	136.9227
43.099998	88.277	136.1762
43.700001	88.237	135.4337
44.400002	88.189	134.5802
45.000000	88.147	133.8489
45.500000	88.110	133.2373
46.200001	88.055	132.3926
46.799999	88.007	131.6849
47.500000	87.950	130.8735
48.200001	87.895	130.0869
48.700001	87.858	129.5378
49.400002	87.811	128.7556
50.000000	87.771	128.0570
50.799999	87.711	127.1174
51.500000	87.655	126.3143
52.200001	87.594	125.5419
53.000000	87.523	124.7260
53.799999	87.461	123.9512
54.500000	87.411	123.2530
55.200001	87.359	122.5493
56.000000	87.301	121.7667
57.000000	87.232	120.7800
58.000000	87.161	119.7863
59.000000	87.089	118.8014
60.000000	87.010	117.8405
60.799999	86.947	117.1259
61.500000	86.896	116.5190
62.200001	86.849	115.8925
63.000000	86.791	115.1482
64.000000	86.711	114.2462
65.000000	86.633	113.4086
66.000000	86.562	112.5648
67.000000	86.490	111.7070
68.000000	86.417	110.8694
69.000000	86.346	110.0444
70.000000	86.274	109.2417
71.000000	86.205	108.4656
72.000000	86.135	107.7072
73.000000	86.066	106.9840
74.000000	86.002	106.2614
75.000000	85.934	105.5177
76.199997	85.848	104.6467
77.500000	85.756	103.7232
78.800003	85.666	102.7903
80.000000	85.581	101.9318
81.199997	85.499	101.1231
82.500000	85.421	100.2620
83.800003	85.343	99.3852
85.000000	85.269	98.6009
86.199997	85.194	97.8307
87.500000	85.108	97.0315
88.500000	85.045	96.4440
90.000000	84.952	95.5328
91.199997	84.875	94.8218
92.500000	84.797	94.0871
93.800003	84.724	93.3421
95.000000	84.656	92.6351
96.199997	84.583	91.9514
97.500000	84.506	91.2397
98.800003	84.430	90.5348
100.000000	84.364	89.9039
101.500000	84.283	89.1516
103.000000	84.212	88.4224
104.400002	84.142	87.7232
106.000000	84.055	86.9251
107.500000	83.970	86.2031
109.000000	83.888	85.4283
110.599998	83.803	84.6636
112.000000	83.740	83.9953
113.800003	83.659	83.1895
115.000000	83.604	82.6718
117.199997	83.490	81.7989
118.000000	83.451	81.5103
120.599998	83.336	80.3794
122.000000	83.265	79.7846
124.099998	83.181	79.0091
125.000000	83.147	78.6429
126.500000	83.084	78.0225
128.000000	83.013	77.4623
131.500000	82.883	76.2782
132.000000	82.867	76.0834
134.000000	82.793	75.2925
136.000000	82.717	74.5826
138.000000	82.637	73.8184
140.000000	82.550	73.1274
143.000000	82.433	72.2497
145.000000	82.367	71.6462
147.500000	82.275	70.7335
150.000000	82.211	69.9607
152.500000	82.166	69.1713
155.000000	82.079	68.7571
157.500000	82.009	68.4237
160.000000	81.944	67.5233
162.500000	81.850	66.5531
165.000000	81.763	65.9967
167.500000	81.715	65.6250
170.000000	81.694	65.1939
172.500000	81.673	64.6825
175.000000	81.629	64.1025
177.500000	81.569	63.5231
180.000000	81.506	62.9819
182.500000	81.430	62.4150
185.000000	81.356	61.6904
187.500000	81.319	60.8807
190.000000	81.315	60.2925
192.500000	81.296	59.9431
195.000000	81.249	59.5598
197.500000	81.202	59.0323
200.000000	81.183	58.5278
203.000000	81.157	57.9341
206.000000	81.108	57.4035
209.000000	81.078	56.8418
212.000000	81.054	56.2245
214.000000	81.031	55.8559
218.000000	80.986	55.2890
220.000000	80.971	55.0203
224.000000	80.941	54.3715
227.000000	80.922	53.8480
230.000000	80.904	53.3512
233.000000	80.887	52.8597
236.000000	80.874	52.3461
240.000000	80.861	51.6195
243.000000	80.854	51.1255
247.000000	80.844	50.5538
250.000000	80.833	50.1201
254.000000	80.820	49.5051
258.000000	80.813	48.9227
262.000000	80.800	48.3377
265.000000	80.791	47.9143
269.000000	80.790	47.3378
272.000000	80.791	46.8989
276.000000	80.795	46.3268
280.000000	80.799	45.7238
285.000000	80.802	45.0244
290.000000	80.799	44.4041
295.000000	80.798	43.7614
300.000000	80.803	43.0475
304.000000	80.811	42.4968
307.000000	80.817	42.1395
311.000000	80.824	41.6618
315.000000	80.830	41.1457
320.000000	80.840	40.4957
325.000000	80.853	39.8580
330.000000	80.862	39.2161
335.000000	80.876	38.5882
340.000000	80.890	37.9675
345.000000	80.903	37.3679
350.000000	80.916	36.7608
355.000000	80.929	36.1411
360.000000	80.945	35.5272
365.000000	80.960	34.9221
370.000000	80.973	34.3222
375.000000	80.986	33.7387
382.000000	81.006	32.9233
387.000000	81.020	32.3405
395.000000	81.044	31.4312
400.000000	81.057	30.8702
406.000000	81.070	30.2112
412.000000	81.083	29.5528
418.000000	81.097	28.8947
425.000000	81.109	28.1255
431.000000	81.121	27.4807
437.000000	81.133	26.8401
444.000000	81.145	26.0920
450.000000	81.153	25.4688
455.000000	81.162	24.9645
462.000000	81.172	24.2755
468.000000	81.180	23.6779
475.000000	81.187	22.9820
482.000000	81.192	22.3020
487.000000	81.195	21.8254
494.000000	81.197	21.1711
500.000000	81.199	20.6204
508.000000	81.203	19.8989
515.000000	81.203	19.2783
522.000000	81.203	18.6698
530.000000	81.205	17.9837
538.000000	81.204	17.3076
545.000000	81.200	16.7328
552.000000	81.197	16.1861
560.000000	81.193	15.5847
570.000000	81.183	14.8288
580.000000	81.173	14.0756
590.000000	81.163	13.3742
600.000000	81.150	12.7007
608.000000	81.141	12.1650
615.000000	81.132	11.7173
622.000000	81.123	11.2925
630.000000	81.112	10.8101
640.000000	81.097	10.2339
650.000000	81.078	9.6899
660.000000	81.062	9.1462
670.000000	81.045	8.6356
680.000000	81.026	8.1569
690.000000	81.011	7.7020
700.000000	80.996	7.2797
710.000000	80.983	6.8829
720.000000	80.970	6.4957
730.000000	80.955	6.1380
740.000000	80.940	5.8022
750.000000	80.926	5.4834
762.000000	80.914	5.1302
775.000000	80.903	4.7841
788.000000	80.893	4.4745
800.000000	80.885	4.2284
812.000000	80.885	4.0077
825.000000	80.889	3.7812
838.000000	80.894	3.5778
850.000000	80.901	3.4097
862.000000	80.911	3.2626
875.000000	80.927	3.1250
885.000000	80.943	3.0298
900.000000	80.974	2.9082
912.000000	81.003	2.8043
925.000000	81.039	2.6990
938.000000	81.079	2.5942
950.000000	81.120	2.4916
962.000000	81.165	2.3865
975.000000	81.220	2.2653
988.000000	81.277	2.1252
1000.000000	81.333	1.9835
1015.000000	81.409	1.7836
1030.000000	81.487	1.5703
1044.000000	81.562	1.3633
1060.000000	81.652	1.0906
1075.000000	81.739	0.7748
1090.000000	81.826	0.4276
1106.000000	81.918	0.0396
1120.000000	81.997	-0.3283
1138.000000	82.098	-0.8282
1150.000000	82.165	-1.1732
1172.000000	82.282	-1.8476
1180.000000	82.324	-2.1060
1206.000000	82.455	-2.9691
1220.000000	82.521	-3.4358
1241.000000	82.616	-4.1395
1250.000000	82.656	-4.4445
1265.000000	82.721	-4.9529
1280.000000	82.783	-5.4606
1315.000000	82.922	-6.6356
1320.000000	82.941	-6.8003
1340.000000	83.015	-7.4476
1360.000000	83.086	-8.0803
1380.000000	83.155	-8.7018
1400.000000	83.223	-9.3193
1430.000000	83.327	-10.2159
1450.000000	83.396	-10.7931
1475.000000	83.481	-11.5057
1500.000000	83.569	-12.1992
1525.000000	83.659	-12.8726
1550.000000	83.750	-13.5508
1575.000000	83.842	-14.2314
1600.000000	83.935	-14.9120
1625.000000	84.030	-15.6042
1650.000000	84.126	-16.2963
1675.000000	84.221	-16.9924
1700.000000	84.316	-17.6971
1725.000000	84.414	-18.3976
1750.000000	84.510	-19.1036
1775.000000	84.607	-19.8182
1800.000000	84.707	-20.5375
1825.000000	84.808	-21.2693
1850.000000	84.911	-22.0192
1875.000000	85.014	-22.7958
1900.000000	85.118	-23.6002
1925.000000	85.222	-24.4397
1950.000000	85.325	-25.3174
1975.000000	85.424	-26.2282
2000.000000	85.520	-27.1682
2030.000000	85.629	-28.3366
2060.000000	85.731	-29.5457
2090.000000	85.823	-30.7874
2120.000000	85.905	-32.0541
2140.000000	85.952	-32.9012
2180.000000	86.031	-34.6000
2200.000000	86.062	-35.4478
2240.000000	86.108	-37.1036
2270.000000	86.128	-38.3004
2300.000000	86.135	-39.4437
2330.000000	86.132	-40.5157
2360.000000	86.122	-41.5009
2400.000000	86.099	-42.6490
2430.000000	86.078	-43.3880
2470.000000	86.054	-44.2015
2500.000000	86.044	-44.6897
2540.000000	86.049	-45.1920
2580.000000	86.080	-45.5646
2620.000000	86.141	-45.8948
2650.000000	86.206	-46.1618
2690.000000	86.314	-46.5839
2720.000000	86.409	-46.9529
2760.000000	86.550	-47.5145
2800.000000	86.707	-48.1768
2850.000000	86.926	-49.1832
2900.000000	87.171	-50.4717
2950.000000	87.429	-52.1742
3000.000000	87.675	-54.4279
3040.000000	87.836	-56.6490
3070.000000	87.918	-58.5144
3110.000000	87.961	-61.1548
3150.000000	87.920	-63.7843
3200.000000	87.757	-66.7472
3250.000000	87.506	-69.0658
3300.000000	87.221	-70.5978
3350.000000	86.955	-71.3883
3400.000000	86.744	-71.6078
3450.000000	86.609	-71.4847
3500.000000	86.556	-71.2444
3550.000000	86.579	-71.0638
3600.000000	86.669	-71.0991
3650.000000	86.811	-71.4991
3700.000000	86.985	-72.3669
3750.000000	87.167	-73.7779
3820.000000	87.382	-76.7144
3870.000000	87.467	-79.4434
3950.000000	87.404	-84.5738
4000.000000	87.211	-87.9431
4060.000000	86.815	-91.7383
4120.000000	86.257	-94.8853
4180.000000	85.574	-97.0531
4250.000000	84.685	-98.0480
4310.000000	83.904	-97.4390
4370.000000	83.174	-95.4449
4440.000000	82.489	-91.5707
4500.000000	82.120	-87.4575
4550.000000	81.981	-84.0445
4620.000000	81.969	-80.0052
4680.000000	82.036	-77.3347
4750.000000	82.130	-74.7869
4820.000000	82.231	-72.4265
4870.000000	82.327	-70.7242
4940.000000	82.525	-68.3365
5000.000000	82.775	-66.4113
5080.000000	83.244	-64.3558
5150.000000	83.778	-63.4470
5220.000000	84.391	-63.8431
5300.000000	85.085	-66.3976
5380.000000	85.593	-71.3162
5450.000000	85.729	-77.0070
5520.000000	85.498	-82.9495
5600.000000	84.815	-88.6320
5700.000000	83.575	-92.5013
5800.000000	82.259	-92.5236
5900.000000	81.117	-89.6571
6000.000000	80.258	-85.1117
6080.000000	79.784	-80.9355
6150.000000	79.509	-77.2458
6220.000000	79.352	-73.7047
6300.000000	79.299	-70.0665
6400.000000	79.376	-66.5830
6500.000000	79.528	-64.6622
6600.000000	79.634	-64.5642
6700.000000	79.541	-66.1758
6800.000000	79.099	-68.8547
6900.000000	78.202	-71.4615
7000.000000	76.809	-72.5138
7100.000000	74.946	-70.2926
7200.000000	72.733	-62.1227
7300.000000	70.689	-43.2644
7400.000000	70.222	-12.5415
7500.000000	71.979	13.9446
7620.000000	75.020	29.3288
7750.000000	78.001	34.7397
7880.000000	80.450	34.8057
8000.000000	82.311	32.2440
8120.000000	83.850	27.8982
8250.000000	85.162	21.4759
8380.000000	86.047	13.5602
8500.000000	86.415	5.6246
8620.000000	86.339	-1.8745
8750.000000	85.840	-8.3363
8850.000000	85.266	-11.6422
9000.000000	84.295	-13.7791
9120.000000	83.547	-13.4158
9250.000000	82.845	-11.4936
9380.000000	82.293	-8.4351
9500.000000	81.934	-4.9358
9620.000000	81.730	-1.1447
9750.000000	81.684	2.8559
9880.000000	81.792	6.2794
10000.000000	81.978	8.5869
10150.000000	82.225	10.1488
10300.000000	82.379	10.5156
10440.000000	82.388	10.3427
10600.000000	82.249	10.1467
10750.000000	82.011	10.2202
10900.000000	81.695	10.5792
11060.000000	81.272	11.3661
11200.000000	80.840	12.6235
11380.000000	80.249	15.2828
11500.000000	79.870	17.6808
11720.000000	79.260	23.1949
11800.000000	79.078	25.5204
12060.000000	78.691	34.0020
12200.000000	78.638	38.9380
12410.000000	78.797	46.4028
12500.000000	78.960	49.5076
12650.000000	79.368	54.3899
12800.000000	79.955	58.7192
13150.000000	82.081	64.4148
13200.000000	82.466	64.3984
13400.000000	84.096	61.1670
13600.000000	85.516	51.9029
13800.000000	86.132	37.5524
14000.000000	85.583	22.1073
14300.000000	83.085	5.7557
14500.000000	81.032	0.8883
14750.000000	78.549	-0.3772
15000.000000	76.171	2.8922
15250.000000	74.175	14.0635
15500.000000	73.993	30.5737
15750.000000	75.487	36.8298
16000.000000	76.935	31.8964
16250.000000	77.771	20.6372
16500.000000	77.795	5.6439
16750.000000	76.854	-10.1375
17000.000000	75.107	-23.3141
17250.000000	73.087	-32.5284
17500.000000	71.372	-40.3661
17750.000000	69.959	-50.9152
18000.000000	68.304	-65.2405
18250.000000	66.034	-82.2429
18500.000000	62.982	-101.1576
18750.000000	58.879	-118.8142
19000.000000	54.966	-86.0966
19250.000000	55.214	-59.9136
19500.000000	56.185	-92.4370
19750.000000	55.577	-135.1340
20000.000000	54.424	-175.2065
