* Measurement data measured by REW V5.31.3
* Source: USB-C to 3.5mm Headphone Jack Adapter, USB-C to 3.5mm Headphone Jack Adapter, 0, volume: 0.264
* Format: 512k Log Swept Sine, 1 sweep at -12.0 dBFS with no timing reference
* Dated: Apr 28, 2025 6:48:42 PM
* REW Settings:
*  C-weighting compensation: Off
*  Target level: 75.0 dB
* Note: ; 
* Measurement: L #69
* Smoothing: 1/24 octave
* Frequency Step: 1/48 octave
* Start Frequency: 20.000 Hz
*
* Freq(Hz)	SPL(dB)	Phase(degrees)
20.000000	89.386	177.1337
20.299999	89.403	176.4814
20.600000	89.415	175.8042
20.900000	89.422	175.1278
21.200001	89.430	174.4587
21.400000	89.437	174.0110
21.799999	89.453	173.0882
22.000000	89.463	172.6048
22.400000	89.479	171.5911
22.700001	89.486	170.8018
23.000000	89.489	170.0026
23.299999	89.488	169.2026
23.600000	89.485	168.4044
24.000000	89.475	167.3426
24.299999	89.462	166.5558
24.700001	89.434	165.5536
25.000000	89.406	164.8701
25.400000	89.370	164.0847
25.799999	89.348	163.4254
26.200001	89.350	162.8018
26.500000	89.364	162.2860
26.900000	89.386	161.4766
27.200001	89.394	160.7892
27.600000	89.383	159.8493
28.000000	89.348	159.0000
28.500000	89.298	158.1628
29.000000	89.274	157.4767
29.500000	89.275	156.7157
30.000000	89.272	155.7786
30.400000	89.249	154.9728
30.700001	89.219	154.4004
31.100000	89.172	153.7292
31.500000	89.131	153.1581
32.000000	89.098	152.4862
32.500000	89.081	151.7386
33.000000	89.061	150.8840
33.500000	89.028	149.9963
34.000000	88.987	149.1600
34.500000	88.950	148.3909
35.000000	88.923	147.6382
35.500000	88.902	146.8524
36.000000	88.878	146.0353
36.500000	88.850	145.2256
37.000000	88.818	144.4491
37.500000	88.786	143.7020
38.200001	88.739	142.6970
38.700001	88.703	142.0269
39.500000	88.655	141.0154
40.000000	88.630	140.3499
40.599998	88.595	139.4769
41.200001	88.542	138.5888
41.799999	88.476	137.7756
42.500000	88.403	136.9334
43.099998	88.350	136.2409
43.700001	88.303	135.5405
44.400002	88.253	134.7222
45.000000	88.216	134.0244
45.500000	88.191	133.4302
46.200001	88.160	132.5554
46.799999	88.128	131.7807
47.500000	88.085	130.9030
48.200001	88.041	130.0737
48.700001	88.009	129.4934
49.400002	87.963	128.6820
50.000000	87.919	127.9961
50.799999	87.854	127.1062
51.500000	87.795	126.3442
52.200001	87.734	125.5950
53.000000	87.665	124.7414
53.799999	87.594	123.8766
54.500000	87.532	123.1304
55.200001	87.472	122.4081
56.000000	87.411	121.5872
57.000000	87.339	120.5243
58.000000	87.260	119.4551
59.000000	87.173	118.5039
60.000000	87.099	117.6562
60.799999	87.047	116.9472
61.500000	86.998	116.3077
62.200001	86.946	115.6835
63.000000	86.887	114.9844
64.000000	86.814	114.1110
65.000000	86.743	113.2327
66.000000	86.672	112.3360
67.000000	86.597	111.4483
68.000000	86.518	110.6174
69.000000	86.444	109.8552
70.000000	86.379	109.0742
71.000000	86.308	108.2736
72.000000	86.236	107.4964
73.000000	86.164	106.7210
74.000000	86.093	105.9591
75.000000	86.025	105.1971
76.199997	85.943	104.2922
77.500000	85.857	103.3354
78.800003	85.770	102.3896
80.000000	85.689	101.5428
81.199997	85.607	100.7183
82.500000	85.519	99.8461
83.800003	85.432	98.9998
85.000000	85.355	98.2301
86.199997	85.275	97.4789
87.500000	85.194	96.7100
88.500000	85.135	96.0919
90.000000	85.042	95.1460
91.199997	84.967	94.3989
92.500000	84.885	93.6046
93.800003	84.804	92.8603
95.000000	84.736	92.2217
96.199997	84.673	91.5633
97.500000	84.598	90.8341
98.800003	84.521	90.1703
100.000000	84.456	89.5402
101.500000	84.368	88.7361
103.000000	84.281	87.9837
104.400002	84.206	87.2857
106.000000	84.120	86.4770
107.500000	84.039	85.7350
109.000000	83.960	85.0273
110.599998	83.879	84.2627
112.000000	83.807	83.5978
113.800003	83.714	82.7609
115.000000	83.653	82.2197
117.199997	83.546	81.2412
118.000000	83.509	80.8924
120.599998	83.388	79.8051
122.000000	83.328	79.2560
124.099998	83.239	78.4149
125.000000	83.200	78.0586
126.500000	83.135	77.4675
128.000000	83.069	76.9009
131.500000	82.920	75.6692
132.000000	82.899	75.4962
134.000000	82.814	74.8032
136.000000	82.735	74.1077
138.000000	82.663	73.3854
140.000000	82.590	72.6759
143.000000	82.483	71.7117
145.000000	82.415	71.1143
147.500000	82.334	70.3626
150.000000	82.250	69.5863
152.500000	82.162	68.8595
155.000000	82.085	68.1588
157.500000	82.014	67.4416
160.000000	81.943	66.7574
162.500000	81.869	66.1190
165.000000	81.801	65.5303
167.500000	81.743	64.9163
170.000000	81.683	64.2774
172.500000	81.621	63.6883
175.000000	81.559	63.1130
177.500000	81.502	62.5756
180.000000	81.453	62.0446
182.500000	81.405	61.5298
185.000000	81.355	61.0226
187.500000	81.306	60.5054
190.000000	81.264	59.9885
192.500000	81.227	59.4938
195.000000	81.191	59.0326
197.500000	81.163	58.5881
200.000000	81.139	58.1243
203.000000	81.108	57.6049
206.000000	81.072	57.0777
209.000000	81.035	56.5180
212.000000	81.004	55.9469
214.000000	80.985	55.5797
218.000000	80.950	54.8760
220.000000	80.933	54.5108
224.000000	80.896	53.7792
227.000000	80.871	53.2421
230.000000	80.850	52.7271
233.000000	80.830	52.2362
236.000000	80.813	51.7640
240.000000	80.793	51.1485
243.000000	80.775	50.6960
247.000000	80.749	50.1030
250.000000	80.732	49.6707
254.000000	80.716	49.1096
258.000000	80.704	48.5393
262.000000	80.690	47.9616
265.000000	80.680	47.5444
269.000000	80.672	47.0115
272.000000	80.668	46.6024
276.000000	80.662	46.0481
280.000000	80.661	45.5378
285.000000	80.660	44.9156
290.000000	80.660	44.2741
295.000000	80.661	43.6602
300.000000	80.667	43.0455
304.000000	80.675	42.5251
307.000000	80.680	42.1398
311.000000	80.686	41.6494
315.000000	80.691	41.1660
320.000000	80.701	40.5795
325.000000	80.710	39.9952
330.000000	80.719	39.4186
335.000000	80.733	38.8289
340.000000	80.750	38.2117
345.000000	80.762	37.6337
350.000000	80.774	37.0933
355.000000	80.789	36.5449
360.000000	80.805	35.9844
365.000000	80.820	35.4092
370.000000	80.837	34.8435
375.000000	80.853	34.2925
382.000000	80.870	33.5228
387.000000	80.882	32.9687
395.000000	80.907	32.0947
400.000000	80.924	31.5575
406.000000	80.941	30.9264
412.000000	80.956	30.2991
418.000000	80.970	29.6643
425.000000	80.991	28.9517
431.000000	81.008	28.3369
437.000000	81.023	27.7230
444.000000	81.038	27.0332
450.000000	81.050	26.4603
455.000000	81.059	25.9876
462.000000	81.070	25.3058
468.000000	81.082	24.7152
475.000000	81.095	24.0345
482.000000	81.107	23.3800
487.000000	81.114	22.9216
494.000000	81.122	22.2992
500.000000	81.127	21.7694
508.000000	81.135	21.0574
515.000000	81.142	20.4359
522.000000	81.146	19.8416
530.000000	81.148	19.1862
538.000000	81.151	18.5433
545.000000	81.154	17.9792
552.000000	81.156	17.4319
560.000000	81.157	16.8265
570.000000	81.155	16.0770
580.000000	81.150	15.3484
590.000000	81.145	14.6507
600.000000	81.140	13.9747
608.000000	81.133	13.4474
615.000000	81.126	12.9981
622.000000	81.120	12.5615
630.000000	81.114	12.0850
640.000000	81.105	11.5113
650.000000	81.091	10.9546
660.000000	81.078	10.4287
670.000000	81.066	9.9382
680.000000	81.052	9.4550
690.000000	81.040	8.9968
700.000000	81.029	8.5649
710.000000	81.017	8.1614
720.000000	81.005	7.7742
730.000000	80.994	7.3984
740.000000	80.984	7.0521
750.000000	80.975	6.7441
762.000000	80.964	6.3974
775.000000	80.955	6.0444
788.000000	80.946	5.7137
800.000000	80.940	5.4398
812.000000	80.940	5.2133
825.000000	80.943	4.9841
838.000000	80.948	4.7611
850.000000	80.954	4.5851
862.000000	80.966	4.4420
875.000000	80.983	4.2939
885.000000	80.998	4.1843
900.000000	81.028	4.0355
912.000000	81.058	3.9258
925.000000	81.095	3.8042
938.000000	81.136	3.6896
950.000000	81.177	3.5914
962.000000	81.224	3.4965
975.000000	81.279	3.3707
988.000000	81.336	3.2114
1000.000000	81.392	3.0570
1015.000000	81.465	2.8551
1030.000000	81.540	2.6352
1044.000000	81.613	2.4021
1060.000000	81.699	2.1074
1075.000000	81.780	1.8088
1090.000000	81.863	1.4806
1106.000000	81.951	1.0932
1120.000000	82.028	0.7296
1138.000000	82.124	0.2395
1150.000000	82.187	-0.1046
1172.000000	82.300	-0.7603
1180.000000	82.339	-1.0057
1206.000000	82.467	-1.8317
1220.000000	82.533	-2.2955
1241.000000	82.626	-2.9973
1250.000000	82.664	-3.2950
1265.000000	82.725	-3.7922
1280.000000	82.783	-4.2874
1315.000000	82.914	-5.4265
1320.000000	82.932	-5.5888
1340.000000	83.002	-6.2222
1360.000000	83.068	-6.8315
1380.000000	83.132	-7.4274
1400.000000	83.195	-8.0156
1430.000000	83.291	-8.8688
1450.000000	83.355	-9.4125
1475.000000	83.435	-10.0751
1500.000000	83.516	-10.7146
1525.000000	83.596	-11.3430
1550.000000	83.680	-11.9641
1575.000000	83.767	-12.5821
1600.000000	83.855	-13.2062
1625.000000	83.943	-13.8448
1650.000000	84.033	-14.4949
1675.000000	84.123	-15.1406
1700.000000	84.211	-15.7826
1725.000000	84.300	-16.4233
1750.000000	84.390	-17.0639
1775.000000	84.479	-17.7096
1800.000000	84.570	-18.3440
1825.000000	84.663	-18.9767
1850.000000	84.757	-19.6279
1875.000000	84.853	-20.3035
1900.000000	84.951	-20.9953
1925.000000	85.050	-21.7086
1950.000000	85.147	-22.4595
1975.000000	85.242	-23.2361
2000.000000	85.335	-24.0399
2030.000000	85.441	-25.0555
2060.000000	85.541	-26.0991
2090.000000	85.633	-27.1675
2120.000000	85.717	-28.2627
2140.000000	85.768	-29.0003
2180.000000	85.855	-30.4824
2200.000000	85.891	-31.2181
2240.000000	85.948	-32.6561
2270.000000	85.979	-33.6898
2300.000000	86.000	-34.6698
2330.000000	86.013	-35.5807
2360.000000	86.019	-36.4071
2400.000000	86.023	-37.3744
2430.000000	86.027	-37.9946
2470.000000	86.042	-38.6703
2500.000000	86.065	-39.0981
2540.000000	86.113	-39.6042
2580.000000	86.182	-40.0881
2620.000000	86.269	-40.6094
2650.000000	86.343	-41.0387
2690.000000	86.449	-41.6486
2720.000000	86.530	-42.1205
2760.000000	86.643	-42.7516
2800.000000	86.766	-43.3816
2850.000000	86.943	-44.1968
2900.000000	87.151	-45.1287
2950.000000	87.390	-46.3159
3000.000000	87.647	-47.9138
3040.000000	87.850	-49.5601
3070.000000	87.986	-51.0275
3110.000000	88.130	-53.2754
3150.000000	88.208	-55.7587
3200.000000	88.196	-58.9424
3250.000000	88.062	-61.8647
3300.000000	87.838	-64.2045
3350.000000	87.573	-65.7988
3400.000000	87.319	-66.6603
3450.000000	87.115	-66.9370
3500.000000	86.985	-66.8542
3550.000000	86.937	-66.6415
3600.000000	86.966	-66.5042
3650.000000	87.061	-66.6152
3700.000000	87.205	-67.1108
3750.000000	87.376	-68.1020
3820.000000	87.608	-70.4479
3870.000000	87.726	-72.8080
3950.000000	87.749	-77.5297
4000.000000	87.622	-80.7987
4060.000000	87.306	-84.6551
4120.000000	86.819	-88.0333
4180.000000	86.187	-90.5608
4250.000000	85.327	-92.0849
4310.000000	84.540	-91.9694
4370.000000	83.767	-90.4200
4440.000000	82.985	-86.7783
4500.000000	82.520	-82.3824
4550.000000	82.332	-78.3353
4620.000000	82.356	-73.2107
4680.000000	82.532	-69.9495
4750.000000	82.772	-67.3602
4820.000000	82.986	-65.4513
4870.000000	83.129	-64.2148
4940.000000	83.353	-62.5061
5000.000000	83.594	-61.1106
5080.000000	84.020	-59.6354
5150.000000	84.491	-59.1035
5220.000000	85.024	-59.7076
5300.000000	85.620	-62.2016
5380.000000	86.050	-66.7272
5450.000000	86.157	-71.9115
5520.000000	85.938	-77.3683
5600.000000	85.305	-82.6974
5700.000000	84.134	-86.5066
5800.000000	82.849	-86.7108
5900.000000	81.697	-83.9802
6000.000000	80.802	-79.3812
6080.000000	80.290	-75.0054
6150.000000	79.988	-70.9883
6220.000000	79.816	-67.0018
6300.000000	79.763	-62.7286
6400.000000	79.870	-58.1846
6500.000000	80.118	-55.0181
6600.000000	80.408	-53.7026
6700.000000	80.596	-54.4229
6800.000000	80.507	-56.8674
6900.000000	79.984	-60.0519
7000.000000	78.938	-62.4318
7100.000000	77.377	-62.0596
7200.000000	75.434	-56.3847
7300.000000	73.572	-41.9354
7400.000000	72.861	-18.0017
7500.000000	73.984	4.9825
7620.000000	76.431	20.3945
7750.000000	79.000	26.6578
7880.000000	81.148	27.7029
8000.000000	82.803	26.1971
8120.000000	84.205	22.9615
8250.000000	85.436	17.6411
8380.000000	86.287	10.6426
8500.000000	86.644	3.3619
8620.000000	86.559	-3.6317
8750.000000	86.049	-9.6160
8850.000000	85.468	-12.5566
9000.000000	84.499	-14.1504
9120.000000	83.767	-13.3802
9250.000000	83.094	-11.0725
9380.000000	82.582	-7.7529
9500.000000	82.264	-4.2064
9620.000000	82.091	-0.5280
9750.000000	82.049	3.2690
9880.000000	82.127	6.5695
10000.000000	82.271	8.9770
10150.000000	82.483	10.9235
10300.000000	82.640	11.7279
10440.000000	82.666	11.7810
10600.000000	82.519	11.6678
10750.000000	82.241	11.9667
10900.000000	81.888	12.9379
11060.000000	81.483	14.6677
11200.000000	81.115	16.6781
11380.000000	80.649	20.1742
11500.000000	80.381	22.9950
11720.000000	79.993	28.7777
11800.000000	79.886	31.0960
12060.000000	79.726	39.3421
12200.000000	79.788	44.0283
12410.000000	80.116	51.0238
12500.000000	80.351	53.9060
12650.000000	80.878	58.3665
12800.000000	81.587	62.1458
13150.000000	83.968	65.6544
13200.000000	84.369	65.1752
13400.000000	85.936	59.8676
13600.000000	87.044	49.1111
13800.000000	87.224	35.2495
14000.000000	86.391	22.5040
14300.000000	84.099	11.5007
14500.000000	82.543	9.4325
14750.000000	80.963	10.3050
15000.000000	79.851	13.0358
15250.000000	79.252	16.5095
15500.000000	79.294	19.0461
15750.000000	79.897	17.6632
16000.000000	80.645	10.5424
16250.000000	81.032	-2.3467
16500.000000	80.528	-18.8257
16750.000000	78.966	-34.4703
17000.000000	76.727	-45.9942
17250.000000	74.397	-53.1923
17500.000000	72.432	-58.3771
17750.000000	70.947	-65.0320
18000.000000	69.602	-75.2761
18250.000000	67.963	-88.8706
18500.000000	65.754	-104.4753
18750.000000	62.766	-119.4333
19000.000000	59.274	-129.3036
19250.000000	56.845	-139.3309
19500.000000	55.461	-161.5345
19750.000000	53.420	165.8732
20000.000000	51.249	133.6686
