* Measurement data measured by REW V5.31.3
* Source: USB-C to 3.5mm Headphone Jack Adapter, USB-C to 3.5mm Headphone Jack Adapter, 0, volume: 0.264
* Format: 512k Log Swept Sine, 1 sweep at -12.0 dBFS with no timing reference
* Dated: Apr 28, 2025 7:01:23 PM
* REW Settings:
*  C-weighting compensation: Off
*  Target level: 75.0 dB
* Note: ; 
* Measurement: L #69 Propeller
* Smoothing: 1/24 octave
* Frequency Step: 1/48 octave
* Start Frequency: 20.000 Hz
*
* Freq(Hz)	SPL(dB)	Phase(degrees)
20.000000	89.038	177.8874
20.299999	89.194	177.4674
20.600000	89.328	176.5464
20.900000	89.411	175.3460
21.200001	89.440	174.1072
21.400000	89.439	173.3486
21.799999	89.415	172.0836
22.000000	89.405	171.5681
22.400000	89.400	170.6727
22.700001	89.410	170.0434
23.000000	89.425	169.4148
23.299999	89.443	168.7846
23.600000	89.461	168.1529
24.000000	89.489	167.2814
24.299999	89.509	166.5743
24.700001	89.520	165.5465
25.000000	89.506	164.7554
25.400000	89.456	163.8007
25.799999	89.389	163.0820
26.200001	89.339	162.5877
26.500000	89.330	162.2469
26.900000	89.348	161.6174
27.200001	89.367	160.9202
27.600000	89.360	159.7179
28.000000	89.293	158.4153
28.500000	89.135	157.0890
29.000000	88.970	156.3842
29.500000	88.880	156.1122
30.000000	88.887	155.7853
30.400000	88.933	155.2549
30.700001	88.972	154.6834
31.100000	89.015	153.7493
31.500000	89.039	152.7085
32.000000	89.041	151.3915
32.500000	89.013	150.1824
33.000000	88.968	149.1686
33.500000	88.920	148.3542
34.000000	88.876	147.6806
34.500000	88.831	147.1130
35.000000	88.785	146.6734
35.500000	88.752	146.3421
36.000000	88.744	145.9754
36.500000	88.745	145.3984
37.000000	88.722	144.5972
37.500000	88.657	143.7574
38.200001	88.538	142.8513
38.700001	88.483	142.3086
39.500000	88.441	141.0548
40.000000	88.393	140.0238
40.599998	88.300	138.8912
41.200001	88.222	138.0395
41.799999	88.194	137.2277
42.500000	88.179	136.0543
43.099998	88.140	135.0588
43.700001	88.099	134.2695
44.400002	88.077	133.4300
45.000000	88.050	132.6491
45.500000	88.007	132.0766
46.200001	87.952	131.5255
46.799999	87.941	131.0342
47.500000	87.926	130.0813
48.200001	87.839	128.9713
48.700001	87.744	128.4049
49.400002	87.640	128.0194
50.000000	87.624	127.7048
50.799999	87.648	126.6707
51.500000	87.614	125.3307
52.200001	87.513	124.1349
53.000000	87.379	123.2351
53.799999	87.269	122.7468
54.500000	87.220	122.5271
55.200001	87.224	122.1819
56.000000	87.233	121.3850
57.000000	87.188	120.2355
58.000000	87.140	119.1076
59.000000	87.063	117.7682
60.000000	86.941	116.6321
60.799999	86.855	115.9356
61.500000	86.796	115.3487
62.200001	86.743	114.7294
63.000000	86.680	114.0010
64.000000	86.597	113.0975
65.000000	86.504	112.2431
66.000000	86.414	111.5330
67.000000	86.356	110.8275
68.000000	86.303	109.9237
69.000000	86.224	108.9954
70.000000	86.141	108.2256
71.000000	86.068	107.5018
72.000000	85.997	106.8200
73.000000	85.938	106.1429
74.000000	85.884	105.3716
75.000000	85.825	104.5354
76.199997	85.747	103.5341
77.500000	85.672	102.4334
78.800003	85.588	101.3319
80.000000	85.524	100.3652
81.199997	85.448	99.3852
82.500000	85.373	98.5443
83.800003	85.301	97.7200
85.000000	85.221	97.1293
86.199997	85.142	96.6387
87.500000	85.041	96.1052
88.500000	84.958	95.6955
90.000000	84.832	94.8954
91.199997	84.728	94.0914
92.500000	84.620	93.1557
93.800003	84.529	92.2696
95.000000	84.462	91.5434
96.199997	84.407	90.9029
97.500000	84.352	90.2621
98.800003	84.289	89.5929
100.000000	84.218	88.9451
101.500000	84.118	88.0953
103.000000	84.015	87.3174
104.400002	83.934	86.6410
106.000000	83.853	85.9296
107.500000	83.781	85.1977
109.000000	83.706	84.4677
110.599998	83.634	83.6161
112.000000	83.569	82.8978
113.800003	83.499	82.1196
115.000000	83.453	81.5959
117.199997	83.339	80.7325
118.000000	83.297	80.4537
120.599998	83.170	79.3028
122.000000	83.093	78.6614
124.099998	82.999	77.9348
125.000000	82.971	77.6271
126.500000	82.925	77.0051
128.000000	82.857	76.2929
131.500000	82.657	75.0169
132.000000	82.633	74.8767
134.000000	82.561	74.3243
136.000000	82.504	73.6591
138.000000	82.433	72.9616
140.000000	82.356	72.3443
143.000000	82.235	71.4608
145.000000	82.158	70.8924
147.500000	82.081	70.1530
150.000000	82.022	69.4285
152.500000	81.971	68.6830
155.000000	81.906	67.9215
157.500000	81.847	67.1435
160.000000	81.770	66.6732
162.500000	81.707	65.9063
165.000000	81.628	65.3623
167.500000	81.591	64.5231
170.000000	81.515	63.8085
172.500000	81.449	63.4254
175.000000	81.443	63.0489
177.500000	81.415	62.0374
180.000000	81.287	61.2157
182.500000	81.200	61.0791
185.000000	81.208	60.7729
187.500000	81.203	60.0536
190.000000	81.106	59.4975
192.500000	80.984	59.2411
195.000000	80.877	58.9903
197.500000	80.813	58.6395
200.000000	80.794	57.8789
203.000000	80.820	56.7591
206.000000	80.893	56.0063
209.000000	80.921	55.6478
212.000000	80.881	55.2632
214.000000	80.845	54.8873
218.000000	80.814	54.2478
220.000000	80.801	53.9539
224.000000	80.744	53.3274
227.000000	80.705	52.8040
230.000000	80.686	52.1872
233.000000	80.684	51.6086
236.000000	80.677	51.2134
240.000000	80.652	50.7627
243.000000	80.630	50.2758
247.000000	80.621	49.7006
250.000000	80.598	49.2846
254.000000	80.582	48.7682
258.000000	80.587	48.1864
262.000000	80.589	47.4889
265.000000	80.572	46.9982
269.000000	80.548	46.5230
272.000000	80.539	46.2313
276.000000	80.553	45.7779
280.000000	80.568	45.1470
285.000000	80.571	44.4464
290.000000	80.569	43.9305
295.000000	80.560	43.3462
300.000000	80.566	42.6520
304.000000	80.578	42.1289
307.000000	80.587	41.7711
311.000000	80.596	41.3171
315.000000	80.603	40.8644
320.000000	80.611	40.2589
325.000000	80.625	39.6510
330.000000	80.642	39.1132
335.000000	80.651	38.4837
340.000000	80.661	37.9244
345.000000	80.679	37.3848
350.000000	80.696	36.8206
355.000000	80.711	36.2386
360.000000	80.727	35.6581
365.000000	80.743	35.1118
370.000000	80.762	34.5635
375.000000	80.781	34.0117
382.000000	80.808	33.2487
387.000000	80.824	32.7036
395.000000	80.845	31.8435
400.000000	80.861	31.2882
406.000000	80.878	30.7018
412.000000	80.893	30.1385
418.000000	80.914	29.4684
425.000000	80.937	28.7393
431.000000	80.949	28.0464
437.000000	80.948	27.5037
444.000000	80.968	26.9646
450.000000	80.990	26.3828
455.000000	80.998	25.8674
462.000000	81.001	25.1126
468.000000	81.011	24.4273
475.000000	81.037	23.7339
482.000000	81.057	23.1741
487.000000	81.062	22.7476
494.000000	81.070	22.1274
500.000000	81.078	21.6025
508.000000	81.089	20.8949
515.000000	81.097	20.2944
522.000000	81.104	19.7057
530.000000	81.107	19.0430
538.000000	81.109	18.4138
545.000000	81.112	17.8763
552.000000	81.113	17.3233
560.000000	81.113	16.7126
570.000000	81.111	15.9905
580.000000	81.110	15.2810
590.000000	81.106	14.6108
600.000000	81.102	13.9503
608.000000	81.096	13.4390
615.000000	81.090	13.0016
622.000000	81.084	12.5851
630.000000	81.076	12.1271
640.000000	81.067	11.5660
650.000000	81.057	11.0043
660.000000	81.047	10.4682
670.000000	81.038	9.9656
680.000000	81.028	9.5223
690.000000	81.018	9.0776
700.000000	81.009	8.6280
710.000000	80.999	8.2188
720.000000	80.989	7.8473
730.000000	80.981	7.4905
740.000000	80.976	7.1525
750.000000	80.971	6.8409
762.000000	80.963	6.4850
775.000000	80.954	6.1226
788.000000	80.951	5.7889
800.000000	80.950	5.5092
812.000000	80.952	5.2605
825.000000	80.959	5.0228
838.000000	80.966	4.8197
850.000000	80.975	4.6501
862.000000	80.988	4.4908
875.000000	81.007	4.3298
885.000000	81.027	4.2156
900.000000	81.058	4.0687
912.000000	81.086	3.9550
925.000000	81.123	3.8215
938.000000	81.166	3.6883
950.000000	81.208	3.5743
962.000000	81.253	3.4628
975.000000	81.307	3.3262
988.000000	81.365	3.1910
1000.000000	81.421	3.0594
1015.000000	81.494	2.8589
1030.000000	81.570	2.6248
1044.000000	81.644	2.3888
1060.000000	81.732	2.0889
1075.000000	81.815	1.7858
1090.000000	81.900	1.4612
1106.000000	81.993	1.0821
1120.000000	82.071	0.7212
1138.000000	82.170	0.2208
1150.000000	82.236	-0.1307
1172.000000	82.352	-0.7969
1180.000000	82.394	-1.0441
1206.000000	82.524	-1.8723
1220.000000	82.590	-2.3207
1241.000000	82.685	-3.0190
1250.000000	82.725	-3.3268
1265.000000	82.789	-3.8350
1280.000000	82.850	-4.3299
1315.000000	82.988	-5.4722
1320.000000	83.006	-5.6350
1340.000000	83.080	-6.2750
1360.000000	83.152	-6.8923
1380.000000	83.221	-7.4908
1400.000000	83.289	-8.0786
1430.000000	83.390	-8.9468
1450.000000	83.459	-9.4986
1475.000000	83.544	-10.1735
1500.000000	83.632	-10.8425
1525.000000	83.722	-11.4991
1550.000000	83.813	-12.1458
1575.000000	83.906	-12.8059
1600.000000	84.001	-13.4778
1625.000000	84.098	-14.1496
1650.000000	84.194	-14.8176
1675.000000	84.291	-15.4911
1700.000000	84.387	-16.1779
1725.000000	84.481	-16.8729
1750.000000	84.575	-17.5684
1775.000000	84.669	-18.2656
1800.000000	84.766	-18.9639
1825.000000	84.866	-19.6650
1850.000000	84.968	-20.3766
1875.000000	85.071	-21.1191
1900.000000	85.173	-21.8817
1925.000000	85.277	-22.6703
1950.000000	85.380	-23.4948
1975.000000	85.480	-24.3516
2000.000000	85.577	-25.2427
2030.000000	85.690	-26.3483
2060.000000	85.797	-27.4778
2090.000000	85.895	-28.6335
2120.000000	85.986	-29.8127
2140.000000	86.043	-30.6096
2180.000000	86.146	-32.2261
2200.000000	86.190	-33.0475
2240.000000	86.263	-34.6893
2270.000000	86.305	-35.8963
2300.000000	86.337	-37.0594
2330.000000	86.360	-38.1738
2360.000000	86.376	-39.2385
2400.000000	86.389	-40.5828
2430.000000	86.392	-41.5309
2470.000000	86.389	-42.6993
2500.000000	86.385	-43.4910
2540.000000	86.380	-44.4167
2580.000000	86.386	-45.1909
2620.000000	86.408	-45.8411
2650.000000	86.438	-46.2773
2690.000000	86.501	-46.8267
2720.000000	86.565	-47.2413
2760.000000	86.674	-47.8402
2800.000000	86.807	-48.5499
2850.000000	87.001	-49.6903
2900.000000	87.219	-51.2196
2950.000000	87.434	-53.2507
3000.000000	87.609	-55.8394
3040.000000	87.690	-58.2627
3070.000000	87.704	-60.2137
3110.000000	87.647	-62.8486
3150.000000	87.503	-65.3210
3200.000000	87.220	-67.8800
3250.000000	86.870	-69.6138
3300.000000	86.514	-70.4594
3350.000000	86.204	-70.5341
3400.000000	85.975	-70.0685
3450.000000	85.839	-69.3212
3500.000000	85.797	-68.5248
3550.000000	85.839	-67.8665
3600.000000	85.952	-67.4956
3650.000000	86.119	-67.5341
3700.000000	86.322	-68.0761
3750.000000	86.534	-69.2145
3820.000000	86.793	-71.8729
3870.000000	86.906	-74.4649
3950.000000	86.875	-79.4470
4000.000000	86.694	-82.7347
4060.000000	86.308	-86.4113
4120.000000	85.755	-89.4105
4180.000000	85.077	-91.4034
4250.000000	84.188	-92.1790
4310.000000	83.403	-91.3457
4370.000000	82.659	-89.0440
4440.000000	81.958	-84.5371
4500.000000	81.610	-79.5481
4550.000000	81.544	-75.2734
4620.000000	81.728	-70.3217
4680.000000	82.004	-67.4879
4750.000000	82.314	-65.4249
4820.000000	82.574	-63.9475
4870.000000	82.748	-62.9754
4940.000000	83.017	-61.6707
5000.000000	83.302	-60.7199
5080.000000	83.781	-60.0899
5150.000000	84.271	-60.5726
5220.000000	84.768	-62.4014
5300.000000	85.215	-66.3480
5380.000000	85.374	-71.8755
5450.000000	85.182	-77.1588
5520.000000	84.680	-81.8862
5600.000000	83.815	-85.6322
5700.000000	82.537	-87.1262
5800.000000	81.305	-85.4175
5900.000000	80.282	-81.4370
6000.000000	79.530	-76.1340
6080.000000	79.128	-71.4547
6150.000000	78.911	-67.3290
6220.000000	78.810	-63.3445
6300.000000	78.822	-59.1864
6400.000000	78.990	-54.9499
6500.000000	79.255	-52.2020
6600.000000	79.510	-51.2546
6700.000000	79.615	-52.0930
6800.000000	79.419	-54.2251
6900.000000	78.799	-56.6364
7000.000000	77.696	-57.8298
7100.000000	76.138	-55.9462
7200.000000	74.298	-48.4378
7300.000000	72.717	-32.0929
7400.000000	72.459	-7.9100
7500.000000	73.884	13.1770
7620.000000	76.424	26.7600
7750.000000	79.022	32.0788
7880.000000	81.213	32.5303
8000.000000	82.920	30.4911
8120.000000	84.371	26.6439
8250.000000	85.637	20.5845
8380.000000	86.496	12.8556
8500.000000	86.842	5.0253
8620.000000	86.749	-2.3521
8750.000000	86.251	-8.6504
8850.000000	85.700	-11.8469
9000.000000	84.800	-13.9828
9120.000000	84.134	-13.8300
9250.000000	83.544	-12.3755
9380.000000	83.120	-10.1708
9500.000000	82.877	-7.9475
9620.000000	82.755	-5.9509
9750.000000	82.714	-4.4064
9880.000000	82.707	-3.7411
10000.000000	82.662	-3.9487
10150.000000	82.459	-5.0256
10300.000000	82.028	-6.2788
10440.000000	81.427	-6.7875
10600.000000	80.595	-5.8834
10750.000000	79.801	-3.4493
10900.000000	79.089	0.1680
11060.000000	78.454	4.7164
11200.000000	77.974	9.0150
11380.000000	77.453	15.0962
11500.000000	77.192	19.3291
11720.000000	76.858	27.1697
11800.000000	76.779	30.0726
12060.000000	76.709	39.6588
12200.000000	76.811	44.8000
12410.000000	77.164	52.2122
12500.000000	77.394	55.1755
12650.000000	77.885	59.6580
12800.000000	78.511	63.3501
13150.000000	80.405	67.0342
13200.000000	80.699	66.7878
13400.000000	81.802	63.4767
13600.000000	82.561	56.7069
13800.000000	82.731	47.9984
14000.000000	82.260	39.7104
14300.000000	80.775	31.8766
14500.000000	79.656	30.2448
14750.000000	78.422	31.1877
15000.000000	77.501	34.3431
15250.000000	77.032	38.9828
15500.000000	77.180	43.4422
15750.000000	77.911	45.5116
16000.000000	79.120	43.9400
16250.000000	80.685	36.8113
16500.000000	82.082	22.3185
16750.000000	82.595	1.8466
17000.000000	81.919	-20.1701
17250.000000	80.417	-40.2213
17500.000000	78.614	-58.5328
17750.000000	76.686	-76.9386
18000.000000	74.561	-96.8466
18250.000000	72.015	-119.1282
18500.000000	68.601	-142.4794
18750.000000	63.946	-161.7308
19000.000000	58.273	-168.9501
19250.000000	53.135	-168.4597
19500.000000	49.891	-178.9734
19750.000000	47.341	158.6912
20000.000000	45.293	134.2736
