* Measurement data measured by REW V5.31.3
* Source: USB-C to 3.5mm Headphone Jack Adapter, USB-C to 3.5mm Headphone Jack Adapter, 0, volume: 0.264
* Format: 512k Log Swept Sine, 1 sweep at -12.0 dBFS with no timing reference
* Dated: Jul 20, 2025 8:50:48 PM
* REW Settings:
*  C-weighting compensation: Off
*  Target level: 75.0 dB
* Note: ; 
* Measurement: L Black Tips (M)
* Smoothing: 1/24 octave
* Frequency Step: 1/48 octave
* Start Frequency: 20.000 Hz
*
* Freq(Hz)	SPL(dB)	Phase(degrees)
20.000000	97.166	-174.3829
20.299999	97.150	-174.7974
20.600000	97.143	-175.2950
20.900000	97.131	-175.8941
21.200001	97.103	-176.5524
21.400000	97.073	-176.9808
21.799999	96.989	-177.6919
22.000000	96.945	-177.9405
22.400000	96.877	-178.2412
22.700001	96.857	-178.3970
23.000000	96.863	-178.6171
23.299999	96.882	-178.9799
23.600000	96.896	-179.4952
24.000000	96.887	179.6874
24.299999	96.856	179.0934
24.700001	96.798	178.4530
25.000000	96.758	178.0951
25.400000	96.721	177.6949
25.799999	96.701	177.2640
26.200001	96.678	176.7584
26.500000	96.652	176.3677
26.900000	96.606	175.9106
27.200001	96.571	175.6435
27.600000	96.535	175.3596
28.000000	96.515	175.0720
28.500000	96.498	174.5952
29.000000	96.466	174.0039
29.500000	96.409	173.4347
30.000000	96.342	172.9896
30.400000	96.293	172.7145
30.700001	96.262	172.5273
31.100000	96.226	172.2713
31.500000	96.194	171.9919
32.000000	96.153	171.6188
32.500000	96.112	171.2399
33.000000	96.074	170.8555
33.500000	96.037	170.4477
34.000000	95.997	170.0171
34.500000	95.949	169.6002
35.000000	95.896	169.2448
35.500000	95.847	168.9641
36.000000	95.809	168.7216
36.500000	95.778	168.4611
37.000000	95.748	168.1569
37.500000	95.710	167.8358
38.200001	95.643	167.4607
38.700001	95.595	167.2769
39.500000	95.536	167.0143
40.000000	95.500	166.7972
40.599998	95.445	166.5173
41.200001	95.380	166.3195
41.799999	95.325	166.2146
42.500000	95.282	166.0494
43.099998	95.247	165.7840
43.700001	95.197	165.4787
44.400002	95.128	165.2030
45.000000	95.076	165.0256
45.500000	95.039	164.8691
46.200001	94.985	164.6225
46.799999	94.936	164.4332
47.500000	94.881	164.2659
48.200001	94.834	164.1076
48.700001	94.802	163.9765
49.400002	94.753	163.7853
50.000000	94.709	163.6467
50.799999	94.653	163.5054
51.500000	94.609	163.3797
52.200001	94.565	163.2305
53.000000	94.512	163.0705
53.799999	94.462	162.9392
54.500000	94.423	162.8142
55.200001	94.383	162.6721
56.000000	94.333	162.5183
57.000000	94.268	162.3763
58.000000	94.209	162.2982
59.000000	94.159	162.1934
60.000000	94.101	162.0471
60.799999	94.050	161.9628
61.500000	94.007	161.9042
62.200001	93.965	161.8452
63.000000	93.918	161.7850
64.000000	93.865	161.7039
65.000000	93.812	161.5956
66.000000	93.756	161.5062
67.000000	93.704	161.4460
68.000000	93.656	161.3923
69.000000	93.608	161.3441
70.000000	93.562	161.3020
71.000000	93.518	161.2584
72.000000	93.473	161.2075
73.000000	93.427	161.1567
74.000000	93.380	161.1165
75.000000	93.334	161.0947
76.199997	93.283	161.0746
77.500000	93.228	161.0377
78.800003	93.169	161.0236
80.000000	93.119	161.0383
81.199997	93.071	161.0556
82.500000	93.024	161.0816
83.800003	92.980	161.0733
85.000000	92.937	161.0591
86.199997	92.892	161.0444
87.500000	92.841	161.0557
88.500000	92.803	161.0805
90.000000	92.748	161.1024
91.199997	92.705	161.1305
92.500000	92.663	161.1539
93.800003	92.622	161.1750
95.000000	92.585	161.1999
96.199997	92.549	161.2385
97.500000	92.511	161.2958
98.800003	92.473	161.3443
100.000000	92.437	161.3774
101.500000	92.389	161.4276
103.000000	92.346	161.4784
104.400002	92.306	161.5109
106.000000	92.262	161.5775
107.500000	92.223	161.6545
109.000000	92.183	161.7106
110.599998	92.133	161.7966
112.000000	92.092	161.9118
113.800003	92.043	162.0476
115.000000	92.012	162.1504
117.199997	91.961	162.3420
118.000000	91.943	162.4183
120.599998	91.903	162.7063
122.000000	91.890	162.7879
124.099998	91.867	162.8718
125.000000	91.857	162.9054
126.500000	91.840	162.9470
128.000000	91.820	162.9684
131.500000	91.767	162.9931
132.000000	91.759	162.9970
134.000000	91.726	163.0270
136.000000	91.691	163.0767
138.000000	91.655	163.1318
140.000000	91.618	163.1974
143.000000	91.566	163.2919
145.000000	91.534	163.3693
147.500000	91.494	163.4789
150.000000	91.457	163.5822
152.500000	91.420	163.6752
155.000000	91.385	163.7703
157.500000	91.349	163.8646
160.000000	91.313	163.9639
162.500000	91.279	164.0677
165.000000	91.247	164.1627
167.500000	91.216	164.2462
170.000000	91.184	164.3441
172.500000	91.154	164.4517
175.000000	91.124	164.5652
177.500000	91.097	164.6687
180.000000	91.069	164.7578
182.500000	91.042	164.8521
185.000000	91.017	164.9415
187.500000	90.991	165.0288
190.000000	90.966	165.1234
192.500000	90.941	165.2253
195.000000	90.918	165.3162
197.500000	90.893	165.3926
200.000000	90.867	165.4698
203.000000	90.837	165.5738
206.000000	90.810	165.6792
209.000000	90.783	165.7877
212.000000	90.756	165.8856
214.000000	90.738	165.9464
218.000000	90.701	166.0753
220.000000	90.683	166.1399
224.000000	90.648	166.2590
227.000000	90.623	166.3434
230.000000	90.600	166.4344
233.000000	90.576	166.5352
236.000000	90.552	166.6387
240.000000	90.519	166.7702
243.000000	90.495	166.8610
247.000000	90.465	166.9822
250.000000	90.443	167.0753
254.000000	90.413	167.1989
258.000000	90.384	167.3221
262.000000	90.355	167.4424
265.000000	90.334	167.5355
269.000000	90.305	167.6561
272.000000	90.284	167.7398
276.000000	90.255	167.8566
280.000000	90.229	167.9749
285.000000	90.197	168.1252
290.000000	90.163	168.2639
295.000000	90.130	168.3963
300.000000	90.097	168.5342
304.000000	90.072	168.6606
307.000000	90.053	168.7543
311.000000	90.027	168.8715
315.000000	90.002	168.9813
320.000000	89.971	169.1157
325.000000	89.941	169.2524
330.000000	89.911	169.4016
335.000000	89.882	169.5502
340.000000	89.851	169.6943
345.000000	89.820	169.8354
350.000000	89.791	169.9745
355.000000	89.763	170.1217
360.000000	89.733	170.2665
365.000000	89.704	170.4019
370.000000	89.675	170.5441
375.000000	89.647	170.6938
382.000000	89.607	170.9073
387.000000	89.578	171.0628
395.000000	89.534	171.2967
400.000000	89.507	171.4457
406.000000	89.474	171.6227
412.000000	89.442	171.8063
418.000000	89.411	171.9853
425.000000	89.374	172.1891
431.000000	89.341	172.3697
437.000000	89.308	172.5576
444.000000	89.270	172.7890
450.000000	89.237	172.9978
455.000000	89.210	173.1644
462.000000	89.174	173.4034
468.000000	89.144	173.6177
475.000000	89.109	173.8703
482.000000	89.076	174.1222
487.000000	89.053	174.3026
494.000000	89.021	174.5500
500.000000	88.993	174.7568
508.000000	88.955	175.0403
515.000000	88.921	175.2910
522.000000	88.889	175.5405
530.000000	88.852	175.8317
538.000000	88.813	176.1357
545.000000	88.779	176.4056
552.000000	88.748	176.6779
560.000000	88.711	176.9937
570.000000	88.666	177.3957
580.000000	88.622	177.8093
590.000000	88.578	178.2355
600.000000	88.536	178.6689
608.000000	88.503	179.0183
615.000000	88.475	179.3299
622.000000	88.447	179.6475
630.000000	88.415	-179.9868
640.000000	88.376	-179.5231
650.000000	88.339	-179.0441
660.000000	88.303	-178.5596
670.000000	88.268	-178.0630
680.000000	88.235	-177.5581
690.000000	88.204	-177.0442
700.000000	88.173	-176.5161
710.000000	88.144	-175.9832
720.000000	88.117	-175.4406
730.000000	88.093	-174.8935
740.000000	88.070	-174.3320
750.000000	88.049	-173.7584
762.000000	88.026	-173.0662
775.000000	88.005	-172.3087
788.000000	87.989	-171.5406
800.000000	87.978	-170.8144
812.000000	87.970	-170.0823
825.000000	87.966	-169.2880
838.000000	87.966	-168.4880
850.000000	87.970	-167.7457
862.000000	87.979	-166.9977
875.000000	87.993	-166.1892
885.000000	88.008	-165.5704
900.000000	88.036	-164.6503
912.000000	88.063	-163.9199
925.000000	88.098	-163.1344
938.000000	88.138	-162.3639
950.000000	88.178	-161.6728
962.000000	88.224	-160.9969
975.000000	88.278	-160.2840
988.000000	88.337	-159.5906
1000.000000	88.393	-158.9756
1015.000000	88.469	-158.2440
1030.000000	88.550	-157.5543
1044.000000	88.628	-156.9510
1060.000000	88.720	-156.3181
1075.000000	88.807	-155.7684
1090.000000	88.894	-155.2558
1106.000000	88.989	-154.7582
1120.000000	89.072	-154.3647
1138.000000	89.176	-153.9120
1150.000000	89.245	-153.6381
1172.000000	89.369	-153.1926
1180.000000	89.412	-153.0468
1206.000000	89.547	-152.6236
1220.000000	89.616	-152.4270
1241.000000	89.714	-152.1609
1250.000000	89.755	-152.0581
1265.000000	89.819	-151.8983
1280.000000	89.880	-151.7471
1315.000000	90.011	-151.4141
1320.000000	90.028	-151.3692
1340.000000	90.096	-151.1869
1360.000000	90.158	-150.9984
1380.000000	90.217	-150.8082
1400.000000	90.273	-150.6148
1430.000000	90.352	-150.3162
1450.000000	90.401	-150.1074
1475.000000	90.460	-149.8247
1500.000000	90.517	-149.5227
1525.000000	90.572	-149.2050
1550.000000	90.628	-148.8674
1575.000000	90.686	-148.5156
1600.000000	90.745	-148.1506
1625.000000	90.805	-147.7788
1650.000000	90.865	-147.3999
1675.000000	90.928	-147.0117
1700.000000	90.993	-146.6136
1725.000000	91.060	-146.2109
1750.000000	91.130	-145.8062
1775.000000	91.202	-145.4051
1800.000000	91.276	-145.0082
1825.000000	91.354	-144.6161
1850.000000	91.435	-144.2286
1875.000000	91.518	-143.8493
1900.000000	91.604	-143.4862
1925.000000	91.693	-143.1310
1950.000000	91.784	-142.7846
1975.000000	91.877	-142.4559
2000.000000	91.974	-142.1456
2030.000000	92.094	-141.7944
2060.000000	92.217	-141.4731
2090.000000	92.343	-141.1807
2120.000000	92.472	-140.9211
2140.000000	92.559	-140.7700
2180.000000	92.737	-140.5135
2200.000000	92.828	-140.4092
2240.000000	93.011	-140.2510
2270.000000	93.150	-140.1709
2300.000000	93.290	-140.1270
2330.000000	93.433	-140.1224
2360.000000	93.580	-140.1584
2400.000000	93.782	-140.2892
2430.000000	93.937	-140.4699
2470.000000	94.143	-140.8465
2500.000000	94.295	-141.2333
2540.000000	94.487	-141.8737
2580.000000	94.665	-142.6277
2620.000000	94.830	-143.4722
2650.000000	94.943	-144.1572
2690.000000	95.081	-145.1320
2720.000000	95.175	-145.9037
2760.000000	95.287	-146.9812
2800.000000	95.383	-148.1065
2850.000000	95.480	-149.5684
2900.000000	95.552	-151.0734
2950.000000	95.598	-152.6069
3000.000000	95.617	-154.1584
3040.000000	95.613	-155.3987
3070.000000	95.597	-156.3190
3110.000000	95.562	-157.5225
3150.000000	95.510	-158.6866
3200.000000	95.421	-160.0677
3250.000000	95.310	-161.3462
3300.000000	95.180	-162.5022
3350.000000	95.034	-163.5260
3400.000000	94.875	-164.4091
3450.000000	94.706	-165.1486
3500.000000	94.532	-165.7484
3550.000000	94.354	-166.2056
3600.000000	94.175	-166.5247
3650.000000	93.998	-166.7103
3700.000000	93.825	-166.7612
3750.000000	93.660	-166.6767
3820.000000	93.450	-166.3489
3870.000000	93.324	-166.0001
3950.000000	93.170	-165.3878
4000.000000	93.102	-165.0762
4060.000000	93.032	-164.8487
4120.000000	92.961	-164.7653
4180.000000	92.880	-164.7521
4250.000000	92.773	-164.7401
4310.000000	92.676	-164.7025
4370.000000	92.578	-164.6348
4440.000000	92.465	-164.5329
4500.000000	92.370	-164.4399
4550.000000	92.292	-164.3663
4620.000000	92.183	-164.2730
4680.000000	92.091	-164.2097
4750.000000	91.982	-164.1596
4820.000000	91.869	-164.1443
4870.000000	91.785	-164.1545
4940.000000	91.659	-164.1885
5000.000000	91.541	-164.2195
5080.000000	91.367	-164.2345
5150.000000	91.197	-164.1853
5220.000000	91.015	-164.0288
5300.000000	90.797	-163.6673
5380.000000	90.580	-163.0824
5450.000000	90.401	-162.3920
5520.000000	90.242	-161.5659
5600.000000	90.089	-160.5107
5700.000000	89.945	-159.1472
5800.000000	89.850	-157.8808
5900.000000	89.785	-156.8272
6000.000000	89.725	-155.9957
6080.000000	89.667	-155.4236
6150.000000	89.608	-154.9303
6220.000000	89.541	-154.4105
6300.000000	89.460	-153.7235
6400.000000	89.367	-152.6810
6500.000000	89.295	-151.4380
6600.000000	89.261	-150.0348
6700.000000	89.273	-148.5199
6800.000000	89.339	-146.9521
6900.000000	89.464	-145.3894
7000.000000	89.653	-143.8938
7100.000000	89.916	-142.5432
7200.000000	90.258	-141.4586
7300.000000	90.676	-140.7972
7400.000000	91.160	-140.6304
7500.000000	91.724	-141.1039
7620.000000	92.478	-142.9978
7750.000000	93.306	-147.1747
7880.000000	93.964	-153.8726
8000.000000	94.181	-161.7038
8120.000000	93.907	-168.6030
8250.000000	93.734	-172.7352
8380.000000	93.894	-179.7114
8500.000000	93.599	171.0078
8620.000000	92.551	162.9819
8750.000000	91.135	158.6978
8850.000000	90.155	157.4616
9000.000000	88.928	157.1758
9120.000000	88.113	157.6342
9250.000000	87.356	158.5162
9380.000000	86.711	159.6655
9500.000000	86.210	160.8486
9620.000000	85.795	162.0446
9750.000000	85.437	163.2340
9880.000000	85.169	164.1825
10000.000000	84.995	164.7294
10150.000000	84.858	164.8011
10300.000000	84.785	164.0043
10440.000000	84.738	162.3178
10600.000000	84.638	159.2167
10750.000000	84.427	155.3875
10900.000000	84.065	151.1974
11060.000000	83.537	146.8557
11200.000000	82.994	143.3151
11380.000000	82.214	139.2380
11500.000000	81.663	136.9473
11720.000000	80.670	133.7540
11800.000000	80.334	132.8526
12060.000000	79.359	130.5897
12200.000000	78.925	129.8820
12410.000000	78.491	129.2828
12500.000000	78.394	128.9622
12650.000000	78.325	128.1927
12800.000000	78.354	127.1231
13150.000000	78.783	123.2344
13200.000000	78.882	122.4760
13400.000000	79.360	118.8809
13600.000000	79.943	114.2970
13800.000000	80.618	108.5964
14000.000000	81.368	101.6085
14300.000000	82.569	88.2461
14500.000000	83.356	77.0837
14750.000000	84.184	60.3678
15000.000000	84.684	41.0263
15250.000000	84.801	19.8240
15500.000000	84.501	-2.5062
15750.000000	83.856	-25.1285
16000.000000	83.034	-47.8151
16250.000000	82.199	-71.0092
16500.000000	81.475	-95.5996
16750.000000	80.921	-122.6624
17000.000000	80.526	-153.2720
17250.000000	80.170	171.7705
17500.000000	79.624	132.4182
17750.000000	78.653	89.5941
18000.000000	77.156	44.5961
18250.000000	75.156	-1.6286
18500.000000	72.628	-48.4988
18750.000000	69.478	-95.0774
19000.000000	65.773	-140.5378
19250.000000	61.994	173.7493
19500.000000	59.009	123.1432
19750.000000	57.167	60.1722
20000.000000	56.106	-8.0100
