* Measurement data measured by REW V5.31.3
* Source: USB-C to 3.5mm Headphone Jack Adapter, USB-C to 3.5mm Headphone Jack Adapter, 0, volume: 0.264
* Format: 512k Log Swept Sine, 1 sweep at -12.0 dBFS with no timing reference
* Dated: Jul 20, 2025 8:34:12 PM
* REW Settings:
*  C-weighting compensation: Off
*  Target level: 75.0 dB
* Note: ; 
* Measurement: R Black Tips (M)
* Smoothing: 1/24 octave
* Frequency Step: 1/48 octave
* Start Frequency: 20.000 Hz
*
* Freq(Hz)	SPL(dB)	Phase(degrees)
20.000000	96.543	5.8448
20.299999	96.544	5.3407
20.600000	96.546	4.7651
20.900000	96.541	4.1296
21.200001	96.525	3.4646
21.400000	96.508	3.0258
21.799999	96.458	2.2151
22.000000	96.430	1.8615
22.400000	96.375	1.2672
22.700001	96.344	0.8903
23.000000	96.323	0.5237
23.299999	96.310	0.1261
23.600000	96.297	-0.3201
24.000000	96.269	-0.9609
24.299999	96.236	-1.4236
24.700001	96.182	-1.9464
25.000000	96.144	-2.2587
25.400000	96.104	-2.6198
25.799999	96.074	-3.0006
26.200001	96.042	-3.4356
26.500000	96.010	-3.7655
26.900000	95.955	-4.1367
27.200001	95.915	-4.3361
27.600000	95.875	-4.5310
28.000000	95.857	-4.7498
28.500000	95.845	-5.1992
29.000000	95.815	-5.8201
29.500000	95.756	-6.4320
30.000000	95.689	-6.9222
30.400000	95.643	-7.2632
30.700001	95.613	-7.5286
31.100000	95.573	-7.9130
31.500000	95.527	-8.3071
32.000000	95.464	-8.7454
32.500000	95.405	-9.1035
33.000000	95.358	-9.4426
33.500000	95.314	-9.8165
34.000000	95.264	-10.1993
34.500000	95.205	-10.5233
35.000000	95.147	-10.7545
35.500000	95.097	-10.9161
36.000000	95.058	-11.0593
36.500000	95.025	-11.2292
37.000000	94.995	-11.4495
37.500000	94.959	-11.7148
38.200001	94.895	-12.1052
38.700001	94.842	-12.3571
39.500000	94.758	-12.7045
40.000000	94.711	-12.9182
40.599998	94.658	-13.2169
41.200001	94.602	-13.5795
41.799999	94.533	-13.9411
42.500000	94.443	-14.1976
43.099998	94.387	-14.2664
43.700001	94.362	-14.3753
44.400002	94.339	-14.7137
45.000000	94.293	-15.0471
45.500000	94.243	-15.2148
46.200001	94.186	-15.2776
46.799999	94.155	-15.3173
47.500000	94.124	-15.4425
48.200001	94.085	-15.6223
48.700001	94.050	-15.7765
49.400002	93.984	-15.9843
50.000000	93.913	-16.0510
50.799999	93.837	-15.9363
51.500000	93.807	-15.8733
52.200001	93.786	-16.0388
53.000000	93.734	-16.3794
53.799999	93.658	-16.6235
54.500000	93.594	-16.7064
55.200001	93.543	-16.7329
56.000000	93.495	-16.7635
57.000000	93.438	-16.8273
58.000000	93.377	-16.8691
59.000000	93.315	-16.8708
60.000000	93.254	-16.8939
60.799999	93.202	-16.9246
61.500000	93.157	-16.9539
62.200001	93.115	-17.0046
63.000000	93.066	-17.0894
64.000000	93.008	-17.1841
65.000000	92.961	-17.2440
66.000000	92.925	-17.3215
67.000000	92.887	-17.4065
68.000000	92.845	-17.4048
69.000000	92.807	-17.3655
70.000000	92.764	-17.3393
71.000000	92.714	-17.2849
72.000000	92.664	-17.2342
73.000000	92.615	-17.2153
74.000000	92.567	-17.2259
75.000000	92.518	-17.2415
76.199997	92.465	-17.2050
77.500000	92.422	-17.1656
78.800003	92.377	-17.1573
80.000000	92.332	-17.1332
81.199997	92.285	-17.1171
82.500000	92.230	-17.0668
83.800003	92.188	-16.9771
85.000000	92.153	-16.9389
86.199997	92.116	-16.8853
87.500000	92.069	-16.8208
88.500000	92.028	-16.7465
90.000000	91.964	-16.6146
91.199997	91.917	-16.4902
92.500000	91.880	-16.3882
93.800003	91.850	-16.3595
95.000000	91.816	-16.3195
96.199997	91.791	-16.1489
97.500000	91.780	-16.0278
98.800003	91.754	-15.9895
100.000000	91.719	-15.9083
101.500000	91.682	-15.7540
103.000000	91.661	-15.6896
104.400002	91.640	-15.7095
106.000000	91.611	-15.7000
107.500000	91.581	-15.6405
109.000000	91.550	-15.5288
110.599998	91.518	-15.4235
112.000000	91.487	-15.3521
113.800003	91.449	-15.2781
115.000000	91.425	-15.2441
117.199997	91.381	-15.1592
118.000000	91.365	-15.1154
120.599998	91.311	-14.9415
122.000000	91.281	-14.8448
124.099998	91.236	-14.7391
125.000000	91.217	-14.7073
126.500000	91.186	-14.6428
128.000000	91.158	-14.5236
131.500000	91.115	-14.1378
132.000000	91.110	-14.0879
134.000000	91.087	-13.9269
136.000000	91.061	-13.8044
138.000000	91.042	-13.7148
140.000000	91.028	-13.6711
143.000000	91.007	-13.6115
145.000000	90.988	-13.5411
147.500000	90.961	-13.4349
150.000000	90.931	-13.3680
152.500000	90.896	-13.2950
155.000000	90.866	-13.1886
157.500000	90.838	-13.0781
160.000000	90.810	-12.9818
162.500000	90.782	-12.8763
165.000000	90.759	-12.7845
167.500000	90.737	-12.7115
170.000000	90.715	-12.6255
172.500000	90.690	-12.5300
175.000000	90.663	-12.4131
177.500000	90.639	-12.3105
180.000000	90.616	-12.2228
182.500000	90.592	-12.1116
185.000000	90.569	-11.9923
187.500000	90.548	-11.8964
190.000000	90.529	-11.8014
192.500000	90.513	-11.6863
195.000000	90.495	-11.5823
197.500000	90.473	-11.4897
200.000000	90.454	-11.4064
203.000000	90.437	-11.3195
206.000000	90.418	-11.2278
209.000000	90.396	-11.1339
212.000000	90.373	-11.0516
214.000000	90.359	-10.9926
218.000000	90.333	-10.8687
220.000000	90.319	-10.8082
224.000000	90.292	-10.6821
227.000000	90.273	-10.5836
230.000000	90.253	-10.4912
233.000000	90.231	-10.4025
236.000000	90.211	-10.3129
240.000000	90.185	-10.1809
243.000000	90.166	-10.0886
247.000000	90.141	-9.9858
250.000000	90.124	-9.9060
254.000000	90.101	-9.7860
258.000000	90.077	-9.6655
262.000000	90.053	-9.5422
265.000000	90.037	-9.4556
269.000000	90.015	-9.3535
272.000000	90.000	-9.2664
276.000000	89.979	-9.1514
280.000000	89.957	-9.0450
285.000000	89.931	-8.9122
290.000000	89.904	-8.8008
295.000000	89.878	-8.6770
300.000000	89.852	-8.5440
304.000000	89.830	-8.4445
307.000000	89.813	-8.3704
311.000000	89.792	-8.2723
315.000000	89.770	-8.1778
320.000000	89.745	-8.0514
325.000000	89.720	-7.9174
330.000000	89.694	-7.7850
335.000000	89.669	-7.6608
340.000000	89.644	-7.5350
345.000000	89.620	-7.4033
350.000000	89.595	-7.2686
355.000000	89.569	-7.1268
360.000000	89.544	-6.9844
365.000000	89.520	-6.8496
370.000000	89.496	-6.7166
375.000000	89.473	-6.5801
382.000000	89.438	-6.3817
387.000000	89.414	-6.2334
395.000000	89.377	-6.0025
400.000000	89.354	-5.8629
406.000000	89.325	-5.6924
412.000000	89.296	-5.5096
418.000000	89.268	-5.3335
425.000000	89.237	-5.1034
431.000000	89.212	-4.8986
437.000000	89.188	-4.7072
444.000000	89.160	-4.4883
450.000000	89.139	-4.2966
455.000000	89.122	-4.1388
462.000000	89.100	-3.9327
468.000000	89.081	-3.7697
475.000000	89.057	-3.5833
482.000000	89.030	-3.4192
487.000000	89.009	-3.3112
494.000000	88.978	-3.1497
500.000000	88.950	-2.9929
508.000000	88.911	-2.7623
515.000000	88.877	-2.5483
522.000000	88.843	-2.3285
530.000000	88.804	-2.0682
538.000000	88.765	-1.7933
545.000000	88.733	-1.5392
552.000000	88.701	-1.2787
560.000000	88.665	-0.9730
570.000000	88.622	-0.5798
580.000000	88.580	-0.1804
590.000000	88.538	0.2305
600.000000	88.498	0.6438
608.000000	88.467	0.9779
615.000000	88.442	1.2825
622.000000	88.416	1.5962
630.000000	88.387	1.9584
640.000000	88.352	2.4167
650.000000	88.318	2.8756
660.000000	88.285	3.3418
670.000000	88.252	3.8256
680.000000	88.221	4.3176
690.000000	88.193	4.8149
700.000000	88.167	5.3269
710.000000	88.142	5.8533
720.000000	88.118	6.3837
730.000000	88.096	6.9171
740.000000	88.076	7.4606
750.000000	88.057	8.0172
762.000000	88.038	8.6919
775.000000	88.021	9.4397
788.000000	88.007	10.1898
800.000000	87.999	10.8933
812.000000	87.994	11.6060
825.000000	87.993	12.3843
838.000000	87.997	13.1718
850.000000	88.004	13.9009
862.000000	88.015	14.6365
875.000000	88.033	15.4274
885.000000	88.051	16.0281
900.000000	88.084	16.9272
912.000000	88.115	17.6456
925.000000	88.152	18.4192
938.000000	88.196	19.1759
950.000000	88.240	19.8582
962.000000	88.288	20.5162
975.000000	88.345	21.2039
988.000000	88.407	21.8772
1000.000000	88.467	22.4764
1015.000000	88.547	23.1891
1030.000000	88.629	23.8595
1044.000000	88.709	24.4418
1060.000000	88.803	25.0557
1075.000000	88.893	25.5862
1090.000000	88.985	26.0729
1106.000000	89.084	26.5475
1120.000000	89.169	26.9228
1138.000000	89.276	27.3591
1150.000000	89.347	27.6176
1172.000000	89.471	28.0280
1180.000000	89.515	28.1594
1206.000000	89.654	28.5473
1220.000000	89.724	28.7310
1241.000000	89.824	28.9714
1250.000000	89.864	29.0660
1265.000000	89.930	29.2125
1280.000000	89.992	29.3484
1315.000000	90.124	29.6537
1320.000000	90.142	29.6951
1340.000000	90.210	29.8611
1360.000000	90.273	30.0320
1380.000000	90.332	30.2058
1400.000000	90.389	30.3911
1430.000000	90.470	30.6798
1450.000000	90.521	30.8876
1475.000000	90.582	31.1639
1500.000000	90.642	31.4574
1525.000000	90.702	31.7644
1550.000000	90.761	32.0872
1575.000000	90.821	32.4242
1600.000000	90.881	32.7785
1625.000000	90.944	33.1403
1650.000000	91.008	33.5069
1675.000000	91.074	33.8811
1700.000000	91.143	34.2605
1725.000000	91.214	34.6435
1750.000000	91.287	35.0243
1775.000000	91.362	35.4007
1800.000000	91.440	35.7715
1825.000000	91.520	36.1391
1850.000000	91.603	36.5023
1875.000000	91.689	36.8589
1900.000000	91.778	37.2062
1925.000000	91.870	37.5408
1950.000000	91.964	37.8599
1975.000000	92.061	38.1631
2000.000000	92.161	38.4499
2030.000000	92.285	38.7708
2060.000000	92.412	39.0602
2090.000000	92.542	39.3146
2120.000000	92.675	39.5314
2140.000000	92.766	39.6563
2180.000000	92.951	39.8552
2200.000000	93.045	39.9239
2240.000000	93.235	40.0024
2270.000000	93.379	40.0046
2300.000000	93.524	39.9526
2330.000000	93.670	39.8450
2360.000000	93.816	39.6779
2400.000000	94.008	39.3612
2430.000000	94.149	39.0564
2470.000000	94.331	38.5599
2500.000000	94.461	38.1258
2540.000000	94.629	37.4753
2580.000000	94.787	36.7437
2620.000000	94.934	35.9261
2650.000000	95.037	35.2561
2690.000000	95.161	34.2961
2720.000000	95.244	33.5371
2760.000000	95.340	32.4884
2800.000000	95.419	31.4125
2850.000000	95.497	30.0406
2900.000000	95.553	28.6479
2950.000000	95.587	27.2326
3000.000000	95.596	25.8005
3040.000000	95.586	24.6536
3070.000000	95.567	23.8022
3110.000000	95.526	22.6920
3150.000000	95.469	21.6232
3200.000000	95.375	20.3705
3250.000000	95.260	19.2295
3300.000000	95.127	18.2151
3350.000000	94.982	17.3389
3400.000000	94.827	16.6042
3450.000000	94.666	16.0063
3500.000000	94.501	15.5429
3550.000000	94.336	15.2054
3600.000000	94.171	14.9827
3650.000000	94.008	14.8718
3700.000000	93.850	14.8672
3750.000000	93.698	14.9587
3820.000000	93.495	15.2423
3870.000000	93.361	15.5494
3950.000000	93.169	16.2004
4000.000000	93.068	16.6876
4060.000000	92.971	17.3104
4120.000000	92.900	17.9086
4180.000000	92.850	18.4103
4250.000000	92.806	18.8317
4310.000000	92.767	19.0742
4370.000000	92.723	19.2522
4440.000000	92.665	19.4207
4500.000000	92.613	19.5435
4550.000000	92.569	19.6299
4620.000000	92.505	19.7164
4680.000000	92.448	19.7549
4750.000000	92.376	19.7605
4820.000000	92.297	19.7316
4870.000000	92.236	19.6956
4940.000000	92.141	19.6332
5000.000000	92.053	19.5706
5080.000000	91.921	19.4844
5150.000000	91.790	19.4265
5220.000000	91.641	19.4227
5300.000000	91.451	19.5497
5380.000000	91.245	19.8845
5450.000000	91.064	20.3856
5520.000000	90.892	21.0867
5600.000000	90.718	22.1017
5700.000000	90.553	23.5852
5800.000000	90.454	25.1262
5900.000000	90.413	26.5159
6000.000000	90.409	27.6434
6080.000000	90.415	28.3511
6150.000000	90.417	28.8589
6220.000000	90.412	29.3092
6300.000000	90.398	29.8078
6400.000000	90.375	30.4706
6500.000000	90.355	31.2509
6600.000000	90.353	32.1609
6700.000000	90.380	33.1713
6800.000000	90.446	34.2480
6900.000000	90.558	35.3474
7000.000000	90.724	36.4236
7100.000000	90.953	37.4171
7200.000000	91.256	38.2390
7300.000000	91.643	38.7205
7400.000000	92.110	38.6544
7500.000000	92.647	37.8209
7620.000000	93.345	35.4576
7750.000000	94.076	30.8828
7880.000000	94.627	24.0214
8000.000000	94.791	16.0631
8120.000000	94.452	7.8931
8250.000000	93.542	2.3011
8380.000000	93.073	2.4235
8500.000000	93.418	-1.5989
8620.000000	93.039	-10.1158
8750.000000	91.890	-16.1497
8850.000000	90.967	-18.2787
9000.000000	89.757	-19.3475
9120.000000	88.938	-19.1957
9250.000000	88.183	-18.4708
9380.000000	87.548	-17.4158
9500.000000	87.059	-16.3066
9620.000000	86.657	-15.1864
9750.000000	86.312	-14.0793
9880.000000	86.054	-13.2119
10000.000000	85.881	-12.7296
10150.000000	85.736	-12.7054
10300.000000	85.642	-13.4767
10440.000000	85.562	-14.9863
10600.000000	85.422	-17.5862
10750.000000	85.200	-20.5604
10900.000000	84.889	-23.6381
11060.000000	84.504	-26.8401
11200.000000	84.141	-29.6132
11380.000000	83.631	-33.0348
11500.000000	83.275	-35.0629
11720.000000	82.661	-38.1053
11800.000000	82.470	-39.0343
12060.000000	82.023	-41.7433
12200.000000	81.899	-43.2101
12410.000000	81.865	-45.5962
12500.000000	81.914	-46.7122
12650.000000	82.091	-48.9036
12800.000000	82.364	-51.7310
13150.000000	83.192	-60.9510
13200.000000	83.325	-62.5629
13400.000000	83.874	-69.7858
13600.000000	84.430	-78.3403
13800.000000	84.944	-88.3221
14000.000000	85.361	-99.7411
14300.000000	85.671	-119.2394
14500.000000	85.609	-133.3533
14750.000000	85.211	-151.5873
15000.000000	84.512	-169.8722
15250.000000	83.622	172.0711
15500.000000	82.660	154.0955
15750.000000	81.731	135.7994
16000.000000	80.921	116.5933
16250.000000	80.306	95.7416
16500.000000	79.938	72.4857
16750.000000	79.847	45.9858
17000.000000	79.981	15.4296
17250.000000	80.136	-19.6168
17500.000000	80.024	-58.7565
17750.000000	79.435	-100.8785
18000.000000	78.231	-144.7142
18250.000000	76.446	170.6794
18500.000000	74.219	125.3014
18750.000000	71.563	78.5951
19000.000000	68.427	30.2957
19250.000000	64.862	-20.3663
19500.000000	60.979	-75.0779
19750.000000	56.919	-136.7356
20000.000000	53.640	159.1619
