* Measurement data measured by REW V5.31.3
* Source: USB-C to 3.5mm Headphone Jack Adapter, USB-C to 3.5mm Headphone Jack Adapter, 0, volume: 0.264
* Format: 512k Log Swept Sine, 1 sweep at -12.0 dBFS with no timing reference
* Dated: Jul 20, 2025 8:54:19 PM
* REW Settings:
*  C-weighting compensation: Off
*  Target level: 75.0 dB
* Note: ; 
* Measurement: L Foam Tips
* Smoothing: 1/24 octave
* Frequency Step: 1/48 octave
* Start Frequency: 20.000 Hz
*
* Freq(Hz)	SPL(dB)	Phase(degrees)
20.000000	96.940	-173.4832
20.299999	96.910	-174.0041
20.600000	96.885	-174.4507
20.900000	96.867	-174.8408
21.200001	96.860	-175.2089
21.400000	96.860	-175.4604
21.799999	96.866	-176.0094
22.000000	96.869	-176.3111
22.400000	96.869	-176.9544
22.700001	96.860	-177.4501
23.000000	96.845	-177.9391
23.299999	96.823	-178.4129
23.600000	96.796	-178.8680
24.000000	96.753	-179.4415
24.299999	96.714	-179.8403
24.700001	96.657	179.6818
25.000000	96.613	179.3669
25.400000	96.556	178.9974
25.799999	96.504	178.6671
26.200001	96.458	178.3595
26.500000	96.429	178.1366
26.900000	96.399	177.8331
27.200001	96.385	177.5782
27.600000	96.374	177.1594
28.000000	96.364	176.6238
28.500000	96.333	175.8399
29.000000	96.273	175.0944
29.500000	96.202	174.5356
30.000000	96.149	174.1348
30.400000	96.124	173.8252
30.700001	96.110	173.5607
31.100000	96.088	173.1728
31.500000	96.058	172.7914
32.000000	96.018	172.3821
32.500000	95.985	172.0183
33.000000	95.956	171.6179
33.500000	95.917	171.1733
34.000000	95.862	170.7662
34.500000	95.800	170.4593
35.000000	95.746	170.2281
35.500000	95.700	170.0127
36.000000	95.658	169.7868
36.500000	95.620	169.5470
37.000000	95.585	169.2742
37.500000	95.548	168.9541
38.200001	95.479	168.5132
38.700001	95.425	168.2940
39.500000	95.360	168.0510
40.000000	95.330	167.8537
40.599998	95.285	167.5863
41.200001	95.233	167.4083
41.799999	95.197	167.3094
42.500000	95.179	167.0677
43.099998	95.152	166.6789
43.700001	95.096	166.2665
44.400002	95.010	165.9556
45.000000	94.944	165.8357
45.500000	94.901	165.7665
46.200001	94.852	165.6332
46.799999	94.813	165.4845
47.500000	94.771	165.2964
48.200001	94.732	165.0685
48.700001	94.700	164.8744
49.400002	94.644	164.6236
50.000000	94.592	164.4905
50.799999	94.536	164.3835
51.500000	94.495	164.2587
52.200001	94.451	164.1180
53.000000	94.401	163.9868
53.799999	94.355	163.8525
54.500000	94.314	163.7246
55.200001	94.273	163.6000
56.000000	94.226	163.4582
57.000000	94.165	163.3268
58.000000	94.115	163.2113
59.000000	94.061	163.0150
60.000000	93.994	162.8774
60.799999	93.946	162.8218
61.500000	93.908	162.7569
62.200001	93.869	162.6780
63.000000	93.824	162.5903
64.000000	93.765	162.4974
65.000000	93.710	162.4461
66.000000	93.663	162.4050
67.000000	93.620	162.3455
68.000000	93.577	162.2707
69.000000	93.531	162.1998
70.000000	93.485	162.1620
71.000000	93.440	162.1205
72.000000	93.393	162.0728
73.000000	93.344	162.0617
74.000000	93.303	162.0529
75.000000	93.262	161.9859
76.199997	93.205	161.9147
77.500000	93.148	161.9114
78.800003	93.098	161.9120
80.000000	93.055	161.8925
81.199997	93.007	161.8762
82.500000	92.958	161.8798
83.800003	92.909	161.8599
85.000000	92.863	161.8622
86.199997	92.820	161.8720
87.500000	92.775	161.8856
88.500000	92.743	161.9125
90.000000	92.698	161.9450
91.199997	92.661	161.9489
92.500000	92.617	161.9612
93.800003	92.575	162.0031
95.000000	92.541	162.0292
96.199997	92.506	162.0480
97.500000	92.468	162.0773
98.800003	92.431	162.1110
100.000000	92.398	162.1329
101.500000	92.355	162.1448
103.000000	92.309	162.1687
104.400002	92.269	162.2250
106.000000	92.231	162.2974
107.500000	92.196	162.3437
109.000000	92.161	162.4129
110.599998	92.125	162.4662
112.000000	92.090	162.5077
113.800003	92.045	162.5964
115.000000	92.017	162.6342
117.199997	91.966	162.7086
118.000000	91.949	162.7222
120.599998	91.893	162.8335
122.000000	91.866	162.8817
124.099998	91.827	163.0003
125.000000	91.810	163.0242
126.500000	91.777	163.0854
128.000000	91.750	163.1711
131.500000	91.686	163.2748
132.000000	91.678	163.2987
134.000000	91.645	163.3661
136.000000	91.608	163.4773
138.000000	91.578	163.5784
140.000000	91.546	163.6352
143.000000	91.494	163.7798
145.000000	91.466	163.8730
147.500000	91.426	163.9224
150.000000	91.383	164.0248
152.500000	91.348	164.1510
155.000000	91.312	164.2349
157.500000	91.275	164.3251
160.000000	91.245	164.4112
162.500000	91.220	164.5095
165.000000	91.197	164.6299
167.500000	91.172	164.7616
170.000000	91.143	164.8853
172.500000	91.110	165.0010
175.000000	91.076	165.1046
177.500000	91.046	165.1909
180.000000	91.021	165.2681
182.500000	90.997	165.3546
185.000000	90.973	165.4440
187.500000	90.946	165.5371
190.000000	90.920	165.6382
192.500000	90.896	165.7353
195.000000	90.872	165.8181
197.500000	90.847	165.8982
200.000000	90.824	165.9854
203.000000	90.800	166.0891
206.000000	90.774	166.1704
209.000000	90.747	166.2520
212.000000	90.721	166.3378
214.000000	90.705	166.4013
218.000000	90.671	166.5349
220.000000	90.654	166.5966
224.000000	90.623	166.7173
227.000000	90.599	166.8114
230.000000	90.575	166.8930
233.000000	90.550	166.9770
236.000000	90.528	167.0657
240.000000	90.499	167.1740
243.000000	90.476	167.2597
247.000000	90.444	167.3824
250.000000	90.421	167.4734
254.000000	90.391	167.5876
258.000000	90.362	167.6985
262.000000	90.333	167.8136
265.000000	90.312	167.9012
269.000000	90.286	168.0052
272.000000	90.266	168.0845
276.000000	90.238	168.1990
280.000000	90.211	168.3216
285.000000	90.178	168.4777
290.000000	90.146	168.6165
295.000000	90.113	168.7380
300.000000	90.082	168.8728
304.000000	90.056	168.9866
307.000000	90.036	169.0666
311.000000	90.011	169.1748
315.000000	89.987	169.2825
320.000000	89.957	169.4099
325.000000	89.929	169.5406
330.000000	89.899	169.6817
335.000000	89.868	169.8225
340.000000	89.838	169.9572
345.000000	89.810	170.0911
350.000000	89.782	170.2329
355.000000	89.753	170.3697
360.000000	89.724	170.5077
365.000000	89.696	170.6478
370.000000	89.667	170.7825
375.000000	89.637	170.9221
382.000000	89.597	171.1187
387.000000	89.571	171.2616
395.000000	89.527	171.4926
400.000000	89.500	171.6268
406.000000	89.468	171.7945
412.000000	89.436	171.9731
418.000000	89.404	172.1481
425.000000	89.366	172.3524
431.000000	89.332	172.5374
437.000000	89.300	172.7215
444.000000	89.262	172.9333
450.000000	89.230	173.1251
455.000000	89.203	173.2927
462.000000	89.168	173.5385
468.000000	89.138	173.7475
475.000000	89.104	173.9860
482.000000	89.071	174.2286
487.000000	89.049	174.4014
494.000000	89.017	174.6376
500.000000	88.989	174.8377
508.000000	88.951	175.1199
515.000000	88.919	175.3648
522.000000	88.887	175.6021
530.000000	88.850	175.8833
538.000000	88.813	176.1697
545.000000	88.781	176.4267
552.000000	88.748	176.6893
560.000000	88.711	176.9972
570.000000	88.667	177.3986
580.000000	88.624	177.8025
590.000000	88.580	178.2093
600.000000	88.538	178.6176
608.000000	88.506	178.9562
615.000000	88.477	179.2631
622.000000	88.448	179.5731
630.000000	88.416	179.9307
640.000000	88.377	-179.6143
650.000000	88.340	-179.1486
660.000000	88.304	-178.6714
670.000000	88.269	-178.1804
680.000000	88.236	-177.6831
690.000000	88.204	-177.1800
700.000000	88.174	-176.6652
710.000000	88.145	-176.1412
720.000000	88.118	-175.6062
730.000000	88.092	-175.0605
740.000000	88.069	-174.4988
750.000000	88.048	-173.9337
762.000000	88.024	-173.2564
775.000000	88.004	-172.5040
788.000000	87.988	-171.7391
800.000000	87.975	-171.0242
812.000000	87.966	-170.2995
825.000000	87.961	-169.5095
838.000000	87.962	-168.7077
850.000000	87.966	-167.9580
862.000000	87.974	-167.2138
875.000000	87.988	-166.4107
885.000000	88.003	-165.7923
900.000000	88.031	-164.8705
912.000000	88.058	-164.1412
925.000000	88.092	-163.3623
938.000000	88.132	-162.5944
950.000000	88.173	-161.8965
962.000000	88.218	-161.2197
975.000000	88.273	-160.5090
988.000000	88.331	-159.8165
1000.000000	88.389	-159.1947
1015.000000	88.465	-158.4582
1030.000000	88.545	-157.7666
1044.000000	88.623	-157.1548
1060.000000	88.716	-156.5039
1075.000000	88.805	-155.9383
1090.000000	88.895	-155.4229
1106.000000	88.992	-154.9328
1120.000000	89.077	-154.5404
1138.000000	89.185	-154.0745
1150.000000	89.256	-153.7925
1172.000000	89.382	-153.3422
1180.000000	89.426	-153.1960
1206.000000	89.565	-152.7832
1220.000000	89.636	-152.5885
1241.000000	89.738	-152.3273
1250.000000	89.780	-152.2278
1265.000000	89.847	-152.0737
1280.000000	89.911	-151.9290
1315.000000	90.047	-151.6148
1320.000000	90.066	-151.5725
1340.000000	90.136	-151.4047
1360.000000	90.201	-151.2375
1380.000000	90.262	-151.0667
1400.000000	90.320	-150.8936
1430.000000	90.402	-150.6139
1450.000000	90.454	-150.4114
1475.000000	90.516	-150.1467
1500.000000	90.576	-149.8698
1525.000000	90.636	-149.5793
1550.000000	90.695	-149.2696
1575.000000	90.754	-148.9427
1600.000000	90.814	-148.6031
1625.000000	90.875	-148.2535
1650.000000	90.936	-147.8964
1675.000000	91.000	-147.5270
1700.000000	91.066	-147.1531
1725.000000	91.135	-146.7816
1750.000000	91.206	-146.4056
1775.000000	91.278	-146.0296
1800.000000	91.354	-145.6563
1825.000000	91.433	-145.2851
1850.000000	91.515	-144.9225
1875.000000	91.599	-144.5659
1900.000000	91.687	-144.2189
1925.000000	91.776	-143.8842
1950.000000	91.868	-143.5619
1975.000000	91.963	-143.2549
2000.000000	92.061	-142.9625
2030.000000	92.182	-142.6373
2060.000000	92.307	-142.3412
2090.000000	92.435	-142.0749
2120.000000	92.567	-141.8447
2140.000000	92.656	-141.7097
2180.000000	92.838	-141.4958
2200.000000	92.931	-141.4184
2240.000000	93.119	-141.3224
2270.000000	93.262	-141.3039
2300.000000	93.406	-141.3288
2330.000000	93.551	-141.4033
2360.000000	93.697	-141.5304
2400.000000	93.890	-141.7841
2430.000000	94.034	-142.0417
2470.000000	94.223	-142.4737
2500.000000	94.362	-142.8609
2540.000000	94.542	-143.4661
2580.000000	94.714	-144.1725
2620.000000	94.875	-144.9749
2650.000000	94.989	-145.6372
2690.000000	95.130	-146.5932
2720.000000	95.227	-147.3601
2760.000000	95.344	-148.4400
2800.000000	95.445	-149.5704
2850.000000	95.550	-151.0482
2900.000000	95.629	-152.5844
2950.000000	95.682	-154.1587
3000.000000	95.708	-155.7602
3040.000000	95.709	-157.0481
3070.000000	95.698	-158.0081
3110.000000	95.668	-159.2702
3150.000000	95.619	-160.5002
3200.000000	95.536	-161.9688
3250.000000	95.429	-163.3400
3300.000000	95.302	-164.5965
3350.000000	95.158	-165.7239
3400.000000	95.001	-166.7151
3450.000000	94.836	-167.5694
3500.000000	94.664	-168.2931
3550.000000	94.488	-168.8911
3600.000000	94.311	-169.3693
3650.000000	94.136	-169.7353
3700.000000	93.963	-169.9989
3750.000000	93.794	-170.1715
3820.000000	93.565	-170.2775
3870.000000	93.408	-170.2692
3950.000000	93.171	-170.1346
4000.000000	93.031	-169.9926
4060.000000	92.872	-169.7749
4120.000000	92.723	-169.5176
4180.000000	92.583	-169.2357
4250.000000	92.429	-168.8904
4310.000000	92.305	-168.5890
4370.000000	92.189	-168.2888
4440.000000	92.060	-167.9529
4500.000000	91.954	-167.6802
4550.000000	91.867	-167.4666
4620.000000	91.747	-167.1913
4680.000000	91.644	-166.9739
4750.000000	91.523	-166.7374
4820.000000	91.399	-166.5133
4870.000000	91.307	-166.3554
4940.000000	91.174	-166.1241
5000.000000	91.056	-165.9094
5080.000000	90.891	-165.5855
5150.000000	90.744	-165.2378
5220.000000	90.594	-164.8106
5300.000000	90.424	-164.2178
5380.000000	90.263	-163.5096
5450.000000	90.135	-162.8010
5520.000000	90.022	-162.0284
5600.000000	89.917	-161.1160
5700.000000	89.822	-160.0308
5800.000000	89.759	-159.1266
5900.000000	89.707	-158.4642
6000.000000	89.643	-158.0104
6080.000000	89.576	-157.7275
6150.000000	89.504	-157.4686
6220.000000	89.422	-157.1542
6300.000000	89.322	-156.7061
6400.000000	89.200	-155.9822
6500.000000	89.092	-155.0760
6600.000000	89.010	-154.0112
6700.000000	88.962	-152.8308
6800.000000	88.958	-151.5825
6900.000000	89.000	-150.3232
7000.000000	89.093	-149.1078
7100.000000	89.241	-148.0033
7200.000000	89.443	-147.0967
7300.000000	89.696	-146.4791
7400.000000	89.994	-146.1754
7500.000000	90.345	-146.2903
7620.000000	90.813	-147.2648
7750.000000	91.323	-149.5498
7880.000000	91.744	-153.2162
8000.000000	91.918	-157.4472
8120.000000	91.855	-160.5939
8250.000000	92.199	-161.5771
8380.000000	92.950	-167.2964
8500.000000	93.143	-176.7867
8620.000000	92.500	174.0611
8750.000000	91.408	167.8652
8850.000000	90.572	165.0309
9000.000000	89.425	162.6320
9120.000000	88.604	161.7751
9250.000000	87.811	161.5586
9380.000000	87.117	161.8416
9500.000000	86.560	162.3833
9620.000000	86.081	163.0682
9750.000000	85.646	163.8455
9880.000000	85.291	164.5380
10000.000000	85.029	165.0052
10150.000000	84.779	165.2134
10300.000000	84.602	164.8370
10440.000000	84.477	163.8047
10600.000000	84.335	161.6938
10750.000000	84.144	158.9005
10900.000000	83.861	155.6442
11060.000000	83.467	152.0164
11200.000000	83.067	148.7767
11380.000000	82.479	144.5811
11500.000000	82.042	141.8981
11720.000000	81.192	137.5181
11800.000000	80.881	136.1154
12060.000000	79.903	132.2626
12200.000000	79.426	130.7689
12410.000000	78.891	129.0963
12500.000000	78.741	128.3569
12650.000000	78.576	126.9551
12800.000000	78.503	125.3337
13150.000000	78.675	120.4338
13200.000000	78.736	119.5683
13400.000000	79.054	115.6202
13600.000000	79.478	110.8532
13800.000000	79.994	105.1794
14000.000000	80.586	98.4475
14300.000000	81.580	85.9937
14500.000000	82.272	75.8159
14750.000000	83.069	60.6292
15000.000000	83.664	42.7722
15250.000000	83.976	22.4655
15500.000000	83.868	0.1392
15750.000000	83.293	-23.1348
16000.000000	82.345	-46.5620
16250.000000	81.175	-69.9650
16500.000000	79.916	-93.7024
16750.000000	78.665	-118.4572
17000.000000	77.485	-144.9893
17250.000000	76.434	-174.1125
17500.000000	75.550	153.2838
17750.000000	74.808	116.2667
18000.000000	74.022	74.3364
18250.000000	72.881	28.1115
18500.000000	71.113	-20.8778
18750.000000	68.618	-71.0651
19000.000000	65.396	-121.1299
19250.000000	61.651	-170.1876
19500.000000	58.435	138.8000
19750.000000	57.082	75.2047
20000.000000	56.722	6.1664
