* Measurement data measured by REW V5.31.3
* Source: USB-C to 3.5mm Headphone Jack Adapter, USB-C to 3.5mm Headphone Jack Adapter, 0, volume: 0.264
* Format: 512k Log Swept Sine, 1 sweep at -12.0 dBFS with no timing reference
* Dated: Jul 20, 2025 8:30:42 PM
* REW Settings:
*  C-weighting compensation: Off
*  Target level: 75.0 dB
* Note: ; 
* Measurement: R Light Grey Tips (M)
* Smoothing: 1/24 octave
* Frequency Step: 1/48 octave
* Start Frequency: 20.000 Hz
*
* Freq(Hz)	SPL(dB)	Phase(degrees)
20.000000	96.679	6.1149
20.299999	96.657	5.4445
20.600000	96.628	4.7791
20.900000	96.592	4.1238
21.200001	96.548	3.4948
21.400000	96.514	3.1017
21.799999	96.443	2.4069
22.000000	96.409	2.1107
22.400000	96.350	1.6066
22.700001	96.321	1.2681
23.000000	96.304	0.9170
23.299999	96.297	0.5167
23.600000	96.292	0.0511
24.000000	96.277	-0.6438
24.299999	96.254	-1.1667
24.700001	96.212	-1.7750
25.000000	96.181	-2.1333
25.400000	96.156	-2.5198
25.799999	96.156	-2.9331
26.200001	96.165	-3.5054
26.500000	96.158	-4.0446
26.900000	96.113	-4.7912
27.200001	96.052	-5.2484
27.600000	95.957	-5.5812
28.000000	95.883	-5.6097
28.500000	95.859	-5.5431
29.000000	95.885	-5.8043
29.500000	95.889	-6.4735
30.000000	95.833	-7.2311
30.400000	95.762	-7.6902
30.700001	95.709	-7.9280
31.100000	95.650	-8.1696
31.500000	95.603	-8.4099
32.000000	95.547	-8.7477
32.500000	95.488	-9.0642
33.000000	95.437	-9.3318
33.500000	95.401	-9.6271
34.000000	95.364	-10.0054
34.500000	95.311	-10.3968
35.000000	95.247	-10.6807
35.500000	95.192	-10.8353
36.000000	95.158	-10.9647
36.500000	95.135	-11.1851
37.000000	95.104	-11.5060
37.500000	95.055	-11.8354
38.200001	94.975	-12.1608
38.700001	94.927	-12.3325
39.500000	94.863	-12.7032
40.000000	94.812	-12.9685
40.599998	94.745	-13.1893
41.200001	94.698	-13.3293
41.799999	94.673	-13.5685
42.500000	94.630	-14.0302
43.099998	94.568	-14.3901
43.700001	94.501	-14.6002
44.400002	94.436	-14.7400
45.000000	94.386	-14.8413
45.500000	94.347	-14.9075
46.200001	94.300	-14.9940
46.799999	94.264	-15.1169
47.500000	94.214	-15.3153
48.200001	94.156	-15.5134
48.700001	94.113	-15.6465
49.400002	94.051	-15.8250
50.000000	93.998	-15.9552
50.799999	93.935	-16.0858
51.500000	93.890	-16.2009
52.200001	93.849	-16.3525
53.000000	93.798	-16.5338
53.799999	93.745	-16.6570
54.500000	93.703	-16.7397
55.200001	93.659	-16.8387
56.000000	93.599	-16.9084
57.000000	93.532	-16.8876
58.000000	93.478	-16.9686
59.000000	93.406	-17.0859
60.000000	93.339	-17.1055
60.799999	93.296	-17.1424
61.500000	93.259	-17.1890
62.200001	93.225	-17.2360
63.000000	93.189	-17.3161
64.000000	93.134	-17.4120
65.000000	93.080	-17.4209
66.000000	93.036	-17.4359
67.000000	92.986	-17.4875
68.000000	92.931	-17.4990
69.000000	92.880	-17.4897
70.000000	92.831	-17.4680
71.000000	92.787	-17.4385
72.000000	92.747	-17.4390
73.000000	92.705	-17.4570
74.000000	92.660	-17.4645
75.000000	92.616	-17.4320
76.199997	92.571	-17.3888
77.500000	92.520	-17.3750
78.800003	92.471	-17.3260
80.000000	92.427	-17.3039
81.199997	92.382	-17.2705
82.500000	92.334	-17.2560
83.800003	92.283	-17.2323
85.000000	92.238	-17.1893
86.199997	92.196	-17.1240
87.500000	92.157	-17.0602
88.500000	92.126	-17.0363
90.000000	92.076	-16.9852
91.199997	92.036	-16.9210
92.500000	91.997	-16.8631
93.800003	91.959	-16.8082
95.000000	91.927	-16.7557
96.199997	91.896	-16.7066
97.500000	91.863	-16.6569
98.800003	91.827	-16.6063
100.000000	91.790	-16.5365
101.500000	91.746	-16.4182
103.000000	91.708	-16.3149
104.400002	91.675	-16.2570
106.000000	91.638	-16.2114
107.500000	91.601	-16.1605
109.000000	91.561	-16.0874
110.599998	91.519	-15.9659
112.000000	91.483	-15.8641
113.800003	91.437	-15.7401
115.000000	91.407	-15.6537
117.199997	91.352	-15.4877
118.000000	91.332	-15.4086
120.599998	91.271	-15.0612
122.000000	91.241	-14.8276
124.099998	91.213	-14.4290
125.000000	91.208	-14.2668
126.500000	91.211	-14.0401
128.000000	91.223	-13.9161
131.500000	91.232	-13.9426
132.000000	91.230	-13.9559
134.000000	91.212	-14.0127
136.000000	91.184	-14.0389
138.000000	91.151	-14.0277
140.000000	91.119	-13.9908
143.000000	91.072	-13.9061
145.000000	91.042	-13.8440
147.500000	91.007	-13.7454
150.000000	90.976	-13.6376
152.500000	90.943	-13.5317
155.000000	90.909	-13.4058
157.500000	90.877	-13.2938
160.000000	90.847	-13.1768
162.500000	90.817	-13.0234
165.000000	90.792	-12.8541
167.500000	90.770	-12.7070
170.000000	90.751	-12.5789
172.500000	90.735	-12.4369
175.000000	90.721	-12.3130
177.500000	90.705	-12.2173
180.000000	90.689	-12.1481
182.500000	90.672	-12.0988
185.000000	90.654	-12.0620
187.500000	90.632	-12.0246
190.000000	90.611	-11.9683
192.500000	90.591	-11.8995
195.000000	90.571	-11.8314
197.500000	90.550	-11.7639
200.000000	90.528	-11.6907
203.000000	90.503	-11.5981
206.000000	90.479	-11.4987
209.000000	90.455	-11.4034
212.000000	90.432	-11.3092
214.000000	90.418	-11.2448
218.000000	90.389	-11.1078
220.000000	90.374	-11.0399
224.000000	90.345	-10.9031
227.000000	90.325	-10.7964
230.000000	90.305	-10.6979
233.000000	90.286	-10.6005
236.000000	90.267	-10.5093
240.000000	90.242	-10.3970
243.000000	90.224	-10.3204
247.000000	90.200	-10.2072
250.000000	90.182	-10.1168
254.000000	90.159	-10.0059
258.000000	90.135	-9.9047
262.000000	90.111	-9.8043
265.000000	90.092	-9.7265
269.000000	90.069	-9.6196
272.000000	90.052	-9.5441
276.000000	90.029	-9.4503
280.000000	90.007	-9.3547
285.000000	89.978	-9.2233
290.000000	89.949	-9.0766
295.000000	89.919	-8.9459
300.000000	89.890	-8.8259
304.000000	89.868	-8.7111
307.000000	89.852	-8.6191
311.000000	89.830	-8.5042
315.000000	89.809	-8.3848
320.000000	89.783	-8.2319
325.000000	89.757	-8.0958
330.000000	89.731	-7.9664
335.000000	89.706	-7.8269
340.000000	89.681	-7.6939
345.000000	89.655	-7.5657
350.000000	89.630	-7.4268
355.000000	89.605	-7.2878
360.000000	89.580	-7.1493
365.000000	89.555	-7.0120
370.000000	89.531	-6.8779
375.000000	89.506	-6.7435
382.000000	89.472	-6.5519
387.000000	89.447	-6.4123
395.000000	89.408	-6.1671
400.000000	89.384	-6.0135
406.000000	89.356	-5.8418
412.000000	89.327	-5.6705
418.000000	89.299	-5.4800
425.000000	89.267	-5.2631
431.000000	89.239	-5.0757
437.000000	89.214	-4.8762
444.000000	89.184	-4.6347
450.000000	89.160	-4.4316
455.000000	89.142	-4.2686
462.000000	89.116	-4.0438
468.000000	89.095	-3.8544
475.000000	89.073	-3.6546
482.000000	89.049	-3.4792
487.000000	89.029	-3.3610
494.000000	89.000	-3.1879
500.000000	88.972	-3.0333
508.000000	88.933	-2.8156
515.000000	88.899	-2.6053
522.000000	88.864	-2.3834
530.000000	88.824	-2.1167
538.000000	88.786	-1.8526
545.000000	88.752	-1.6052
552.000000	88.719	-1.3397
560.000000	88.682	-1.0251
570.000000	88.638	-0.6314
580.000000	88.595	-0.2325
590.000000	88.554	0.1826
600.000000	88.513	0.6077
608.000000	88.481	0.9557
615.000000	88.453	1.2646
622.000000	88.427	1.5717
630.000000	88.397	1.9315
640.000000	88.360	2.3950
650.000000	88.326	2.8569
660.000000	88.293	3.3363
670.000000	88.260	3.8286
680.000000	88.230	4.3287
690.000000	88.200	4.8328
700.000000	88.173	5.3444
710.000000	88.147	5.8644
720.000000	88.123	6.3995
730.000000	88.100	6.9431
740.000000	88.079	7.4987
750.000000	88.059	8.0558
762.000000	88.038	8.7269
775.000000	88.020	9.4722
788.000000	88.006	10.2306
800.000000	87.995	10.9378
812.000000	87.989	11.6546
825.000000	87.986	12.4406
838.000000	87.990	13.2285
850.000000	87.996	13.9660
862.000000	88.008	14.7108
875.000000	88.025	15.5155
885.000000	88.041	16.1255
900.000000	88.071	17.0357
912.000000	88.100	17.7584
925.000000	88.137	18.5280
938.000000	88.180	19.2867
950.000000	88.224	19.9756
962.000000	88.272	20.6471
975.000000	88.329	21.3508
988.000000	88.390	22.0298
1000.000000	88.449	22.6322
1015.000000	88.527	23.3420
1030.000000	88.610	24.0137
1044.000000	88.690	24.6024
1060.000000	88.784	25.2188
1075.000000	88.874	25.7433
1090.000000	88.964	26.2355
1106.000000	89.060	26.7192
1120.000000	89.145	27.0995
1138.000000	89.254	27.5295
1150.000000	89.324	27.7842
1172.000000	89.448	28.2034
1180.000000	89.491	28.3386
1206.000000	89.627	28.7226
1220.000000	89.696	28.9050
1241.000000	89.795	29.1468
1250.000000	89.835	29.2394
1265.000000	89.901	29.3850
1280.000000	89.962	29.5240
1315.000000	90.091	29.8246
1320.000000	90.109	29.8659
1340.000000	90.176	30.0294
1360.000000	90.240	30.2003
1380.000000	90.299	30.3773
1400.000000	90.354	30.5549
1430.000000	90.431	30.8458
1450.000000	90.481	31.0549
1475.000000	90.542	31.3233
1500.000000	90.601	31.6117
1525.000000	90.658	31.9167
1550.000000	90.715	32.2381
1575.000000	90.773	32.5779
1600.000000	90.832	32.9276
1625.000000	90.892	33.2826
1650.000000	90.954	33.6523
1675.000000	91.017	34.0255
1700.000000	91.082	34.3976
1725.000000	91.149	34.7755
1750.000000	91.220	35.1583
1775.000000	91.292	35.5359
1800.000000	91.368	35.9128
1825.000000	91.446	36.2869
1850.000000	91.527	36.6534
1875.000000	91.610	37.0114
1900.000000	91.697	37.3579
1925.000000	91.786	37.6903
1950.000000	91.878	38.0092
1975.000000	91.973	38.3124
2000.000000	92.070	38.6006
2030.000000	92.188	38.9250
2060.000000	92.311	39.2169
2090.000000	92.438	39.4756
2120.000000	92.568	39.6974
2140.000000	92.656	39.8247
2180.000000	92.835	40.0229
2200.000000	92.926	40.0954
2240.000000	93.110	40.1833
2270.000000	93.250	40.1924
2300.000000	93.391	40.1533
2330.000000	93.532	40.0635
2360.000000	93.674	39.9190
2400.000000	93.860	39.6432
2430.000000	93.997	39.3734
2470.000000	94.175	38.9311
2500.000000	94.305	38.5382
2540.000000	94.472	37.9389
2580.000000	94.631	37.2594
2620.000000	94.782	36.5018
2650.000000	94.889	35.8800
2690.000000	95.023	34.9741
2720.000000	95.115	34.2370
2760.000000	95.224	33.1870
2800.000000	95.316	32.0800
2850.000000	95.407	30.6481
2900.000000	95.474	29.1816
2950.000000	95.515	27.6893
3000.000000	95.530	26.1750
3040.000000	95.523	24.9572
3070.000000	95.506	24.0503
3110.000000	95.467	22.8636
3150.000000	95.410	21.7188
3200.000000	95.317	20.3709
3250.000000	95.201	19.1356
3300.000000	95.068	18.0237
3350.000000	94.922	17.0394
3400.000000	94.765	16.1858
3450.000000	94.600	15.4658
3500.000000	94.429	14.8765
3550.000000	94.255	14.4120
3600.000000	94.080	14.0687
3650.000000	93.907	13.8412
3700.000000	93.738	13.7168
3750.000000	93.574	13.6870
3820.000000	93.353	13.7903
3870.000000	93.203	13.9489
3950.000000	92.981	14.3263
4000.000000	92.854	14.6277
4060.000000	92.713	15.0365
4120.000000	92.585	15.4761
4180.000000	92.468	15.9271
4250.000000	92.343	16.4633
4310.000000	92.247	16.9245
4370.000000	92.160	17.3815
4440.000000	92.069	17.8854
4500.000000	91.999	18.2745
4550.000000	91.943	18.5640
4620.000000	91.868	18.9166
4680.000000	91.804	19.1755
4750.000000	91.726	19.4320
4820.000000	91.644	19.6543
4870.000000	91.581	19.7991
4940.000000	91.487	19.9904
5000.000000	91.399	20.1595
5080.000000	91.273	20.4283
5150.000000	91.156	20.7306
5220.000000	91.038	21.1127
5300.000000	90.907	21.6432
5380.000000	90.784	22.2573
5450.000000	90.685	22.8545
5520.000000	90.597	23.4955
5600.000000	90.510	24.2615
5700.000000	90.426	25.2410
5800.000000	90.369	26.2040
5900.000000	90.337	27.0834
6000.000000	90.324	27.8292
6080.000000	90.320	28.3220
6150.000000	90.315	28.6913
6220.000000	90.309	29.0221
6300.000000	90.296	29.3898
6400.000000	90.276	29.9049
6500.000000	90.261	30.5230
6600.000000	90.265	31.2504
6700.000000	90.297	32.0794
6800.000000	90.366	32.9933
6900.000000	90.485	33.9496
7000.000000	90.662	34.8940
7100.000000	90.909	35.7436
7200.000000	91.235	36.3975
7300.000000	91.650	36.6848
7400.000000	92.150	36.3917
7500.000000	92.728	35.2980
7620.000000	93.486	32.5197
7750.000000	94.295	27.2928
7880.000000	94.924	19.4717
8000.000000	95.131	10.3167
8120.000000	94.784	0.7242
8250.000000	93.773	-6.4777
8380.000000	93.120	-7.5148
8500.000000	93.337	-12.3982
8620.000000	92.781	-21.8062
8750.000000	91.371	-28.2546
8850.000000	90.258	-30.3231
9000.000000	88.823	-31.0444
9120.000000	87.862	-30.5737
9250.000000	86.971	-29.5091
9380.000000	86.212	-28.1189
9500.000000	85.611	-26.6974
9620.000000	85.098	-25.2507
9750.000000	84.629	-23.7611
9880.000000	84.242	-22.4427
10000.000000	83.949	-21.4487
10150.000000	83.656	-20.6121
10300.000000	83.424	-20.3560
10440.000000	83.239	-20.7344
10600.000000	83.026	-21.9153
10750.000000	82.782	-23.5931
10900.000000	82.486	-25.5350
11060.000000	82.142	-27.7185
11200.000000	81.832	-29.7975
11380.000000	81.403	-32.7234
11500.000000	81.091	-34.7025
11720.000000	80.491	-38.0641
11800.000000	80.278	-39.1623
12060.000000	79.676	-42.3722
12200.000000	79.427	-43.9915
12410.000000	79.164	-46.3265
12500.000000	79.104	-47.2967
12650.000000	79.091	-49.0221
12800.000000	79.177	-51.0870
13150.000000	79.628	-57.4283
13200.000000	79.716	-58.4869
13400.000000	80.127	-63.0975
13600.000000	80.634	-68.3773
13800.000000	81.233	-74.4117
14000.000000	81.927	-81.3547
14300.000000	83.147	-93.9670
14500.000000	84.078	-104.3446
14750.000000	85.321	-120.4177
15000.000000	86.466	-140.8260
15250.000000	87.183	-165.6996
15500.000000	87.151	166.3504
15750.000000	86.287	137.7665
16000.000000	84.821	110.4273
16250.000000	83.099	84.5774
16500.000000	81.383	59.3597
16750.000000	79.800	33.6165
17000.000000	78.367	6.4025
17250.000000	77.043	-22.6345
17500.000000	75.933	-53.3517
17750.000000	75.363	-87.0834
18000.000000	75.095	-126.0232
18250.000000	74.545	-169.9215
18500.000000	73.435	142.5382
18750.000000	71.720	92.2146
19000.000000	69.450	39.2947
19250.000000	66.659	-16.6396
19500.000000	63.353	-76.6760
19750.000000	59.642	-143.7089
20000.000000	56.559	147.6898
